4	697;21
6	38;21
6	78;21
6	91;21
6	138;21
6	147;21
6	203;21
6	205;21
6	255;21
6	271;21
7	23;21
7	118;21
7	472;21
7	675;21
7	739;21
7	767;21
7	838;21
11	361;21
11	407;21
13	261;21
14	466;21
14	569;21
14	583;21
16	992;21
19	987;21
22	684;21
23	988;21
25	244;21
29	201;21
33	325;21
33	330;21
34	296;21
34	662;21
34	995;21
42	152;21
42	188;21
42	194;21
45	215;21
49	308;21
49	390;21
49	441;21
49	603;21
49	655;21
49	669;21
49	676;21
49	988;21
52	660;21
52	827;21
55	138;21
55	357;21
55	402;21
55	527;21
55	878;21
55	980;21
55	999;21
56	368;21
56	424;21
56	552;21
56	623;21
56	757;21
56	998;21
58	697;21
58	997;21
64	998;21
68	491;21
73	460;21
73	479;21
73	809;21
74	201;21
74	225;21
78	172;21
80	947;21
87	105;21
88	325;21
91	6;21
92	706;21
93	206;21
93	583;21
93	619;21
93	691;21
98	7;21
103	736;21
104	218;21
104	957;21
108	330;21
110	227;21
110	440;21
110	836;21
110	998;21
111	6;21
113	929;21
114	159;21
118	654;21
118	694;21
118	993;21
119	25;21
119	96;21
119	588;21
120	286;21
121	159;21
124	6;21
124	49;21
124	967;21
125	172;21
131	63;21
131	257;21
133	303;21
136	540;21
138	108;21
138	339;21
144	373;21
148	757;21
154	343;21
154	746;21
154	771;21
154	772;21
154	778;21
154	912;21
154	923;21
154	925;21
154	936;21
154	955;21
154	964;21
155	41;21
155	926;21
157	167;21
159	17;21
161	6;21
162	71;21
162	108;21
168	361;21
169	50;21
172	108;21
176	191;21
179	868;21
184	6;21
195	31;21
196	676;21
197	104;21
201	159;21
201	203;21
201	299;21
202	182;21
202	563;21
204	984;21
206	275;21
209	660;21
210	55;21
214	391;21
217	645;21
218	148;21
218	212;21
218	566;21
218	754;21
227	458;21
227	677;21
227	993;21
227	997;21
228	619;21
228	983;21
229	965;21
232	55;21
232	240;21
232	299;21
238	157;21
240	201;21
242	891;21
246	659;21
248	16;21
251	741;21
251	919;21
253	251;21
253	302;21
255	486;21
259	35;21
259	87;21
259	113;21
259	295;21
259	376;21
259	384;21
259	479;21
259	581;21
259	585;21
259	654;21
259	662;21
259	804;21
259	958;21
259	961;21
259	964;21
259	971;21
261	83;21
261	149;21
261	280;21
261	438;21
266	25;21
266	227;21
266	373;21
266	786;21
267	6;21
270	491;21
270	949;21
271	680;21
275	448;21
276	478;21
276	647;21
276	924;21
278	339;21
283	662;21
295	56;21
295	358;21
296	56;21
300	354;21
300	376;21
300	380;21
300	411;21
300	499;21
300	500;21
300	557;21
300	603;21
300	607;21
300	627;21
300	637;21
304	277;21
306	109;21
306	450;21
306	466;21
306	588;21
311	6;21
313	100;21
313	325;21
317	74;21
321	11;21
321	39;21
321	55;21
321	454;21
321	464;21
321	544;21
321	736;21
321	762;21
323	83;21
324	6;21
325	133;21
325	162;21
330	162;21
331	106;21
339	37;21
343	362;21
343	484;21
343	487;21
343	534;21
343	537;21
343	538;21
343	747;21
343	762;21
343	942;21
343	970;21
347	182;21
350	205;21
350	251;21
350	388;21
350	447;21
350	556;21
350	589;21
350	631;21
350	697;21
354	495;21
354	526;21
354	860;21
354	904;21
355	377;21
355	584;21
356	617;21
356	674;21
356	969;21
358	295;21
358	412;21
358	550;21
359	7;21
359	168;21
359	982;21
360	136;21
360	477;21
360	588;21
360	974;21
360	979;21
361	300;21
361	724;21
362	110;21
362	168;21
362	218;21
362	759;21
363	182;21
364	546;21
365	206;21
365	982;21
367	697;21
368	592;21
369	524;21
369	766;21
370	300;21
371	298;21
371	564;21
371	647;21
372	321;21
372	640;21
372	696;21
372	932;21
373	759;21
376	49;21
382	300;21
386	35;21
388	622;21
388	697;21
389	462;21
390	367;21
390	598;21
391	493;21
391	669;21
393	652;21
394	376;21
397	537;21
398	376;21
403	552;21
403	674;21
403	688;21
407	356;21
407	598;21
407	599;21
407	630;21
408	441;21
408	513;21
410	694;21
412	637;21
412	987;21
415	770;21
415	969;21
418	119;21
418	458;21
418	588;21
418	637;21
418	706;21
418	980;21
420	358;21
421	168;21
421	259;21
422	56;21
422	227;21
422	245;21
422	248;21
422	305;21
422	808;21
424	58;21
424	493;21
426	420;21
426	787;21
427	49;21
428	53;21
428	477;21
433	300;21
437	35;21
437	544;21
437	770;21
438	23;21
439	367;21
439	580;21
440	35;21
440	454;21
440	461;21
440	674;21
440	738;21
440	895;21
440	986;21
441	404;21
442	706;21
444	635;21
445	87;21
445	485;21
446	580;21
446	584;21
447	694;21
447	929;21
448	251;21
450	66;21
450	343;21
450	369;21
450	508;21
450	539;21
450	662;21
450	989;21
451	283;21
451	377;21
452	372;21
453	7;21
453	649;21
453	676;21
453	682;21
454	335;21
454	950;21
454	955;21
458	670;21
458	823;21
458	844;21
458	853;21
462	389;21
466	255;21
466	995;21
467	119;21
467	182;21
467	592;21
467	646;21
467	762;21
468	632;21
468	685;21
470	538;21
473	110;21
473	168;21
473	968;21
475	244;21
475	384;21
475	514;21
475	706;21
477	115;21
477	391;21
477	444;21
477	759;21
481	879;21
482	757;21
482	926;21
483	558;21
484	877;21
485	697;21
486	954;21
488	351;21
488	568;21
491	440;21
492	55;21
493	23;21
493	347;21
493	360;21
493	967;21
493	995;21
494	926;21
495	897;21
498	200;21
499	526;21
502	508;21
503	129;21
503	928;21
504	466;21
505	295;21
505	300;21
505	580;21
506	379;21
506	599;21
507	795;21
508	563;21
512	707;21
513	349;21
514	414;21
519	49;21
521	384;21
521	506;21
522	14;21
522	168;21
522	230;21
522	607;21
522	741;21
523	545;21
525	300;21
526	32;21
526	50;21
526	321;21
526	345;21
526	461;21
526	531;21
526	546;21
526	551;21
526	558;21
526	621;21
526	965;21
526	972;21
526	974;21
527	35;21
527	719;21
529	622;21
533	563;21
534	251;21
534	995;21
540	218;21
540	244;21
540	676;21
540	919;21
540	987;21
541	926;21
543	925;21
544	942;21
545	300;21
546	208;21
546	395;21
549	373;21
551	244;21
551	461;21
551	513;21
551	535;21
551	969;21
552	531;21
557	602;21
557	670;21
557	974;21
558	540;21
562	931;21
563	417;21
563	449;21
563	636;21
563	662;21
564	426;21
564	458;21
564	938;21
568	770;21
569	248;21
569	330;21
569	391;21
569	416;21
569	589;21
574	187;21
575	422;21
576	486;21
576	947;21
576	949;21
576	987;21
580	439;21
580	468;21
580	538;21
583	202;21
583	270;21
583	360;21
583	466;21
583	526;21
583	551;21
583	638;21
583	801;21
583	827;21
583	963;21
583	975;21
584	49;21
584	248;21
584	598;21
584	747;21
584	830;21
585	766;21
587	300;21
588	529;21
588	592;21
588	670;21
588	862;21
588	924;21
589	43;21
589	954;21
590	424;21
592	110;21
592	479;21
593	563;21
594	563;21
598	369;21
599	358;21
600	812;21
600	844;21
601	92;21
601	759;21
602	56;21
603	56;21
603	491;21
604	95;21
604	357;21
604	757;21
604	924;21
605	614;21
607	361;21
607	507;21
607	535;21
607	576;21
607	692;21
607	895;21
607	971;21
609	66;21
609	493;21
611	975;21
612	107;21
612	155;21
614	577;21
617	49;21
617	50;21
617	56;21
617	246;21
617	584;21
617	608;21
617	692;21
617	697;21
617	972;21
617	997;21
618	332;21
618	388;21
618	680;21
618	853;21
618	906;21
619	118;21
619	361;21
619	544;21
619	590;21
619	613;21
619	680;21
619	741;21
620	56;21
620	634;21
622	479;21
622	799;21
623	358;21
624	928;21
625	626;21
626	505;21
627	300;21
629	662;21
629	964;21
630	407;21
636	679;21
636	834;21
636	836;21
638	58;21
638	148;21
638	161;21
638	343;21
638	361;21
638	613;21
638	987;21
641	439;21
643	968;21
644	757;21
645	662;21
645	970;21
645	995;21
646	300;21
646	422;21
646	891;21
650	706;21
650	932;21
650	982;21
651	119;21
651	208;21
651	526;21
651	859;21
652	531;21
652	618;21
654	926;21
655	25;21
655	543;21
655	760;21
655	874;21
655	879;21
657	724;21
659	255;21
659	503;21
659	739;21
659	795;21
661	295;21
662	988;21
663	989;21
665	439;21
665	994;21
666	96;21
668	107;21
668	283;21
669	926;21
670	363;21
670	989;21
673	484;21
674	259;21
674	631;21
674	757;21
676	978;21
678	689;21
678	931;21
678	993;21
679	25;21
679	119;21
679	493;21
680	137;21
680	433;21
680	526;21
684	52;21
684	222;21
685	623;21
685	697;21
688	426;21
689	52;21
694	94;21
694	159;21
694	998;21
695	769;21
696	670;21
697	654;21
697	757;21
697	982;21
706	331;21
706	451;21
719	492;21
721	515;21
724	510;21
724	583;21
733	87;21
735	775;21
736	49;21
736	508;21
736	514;21
736	537;21
736	539;21
736	564;21
736	806;21
736	849;21
736	929;21
737	901;21
738	454;21
739	7;21
739	416;21
739	458;21
740	52;21
740	800;21
741	748;21
742	266;21
742	411;21
742	695;21
747	330;21
747	569;21
747	581;21
748	477;21
750	343;21
750	564;21
750	950;21
752	259;21
754	248;21
754	371;21
754	630;21
754	644;21
754	664;21
754	767;21
754	802;21
754	822;21
754	888;21
754	940;21
754	957;21
757	638;21
759	23;21
759	148;21
762	860;21
763	343;21
763	959;21
766	844;21
766	965;21
767	602;21
767	664;21
768	924;21
769	923;21
770	891;21
782	873;21
785	914;21
787	822;21
788	154;21
789	702;21
790	929;21
791	343;21
791	510;21
793	154;21
795	92;21
795	996;21
800	165;21
800	478;21
801	989;21
802	110;21
805	49;21
805	895;21
805	972;21
808	885;21
809	930;21
811	369;21
811	386;21
811	607;21
811	691;21
811	869;21
815	949;21
819	785;21
822	49;21
822	716;21
822	754;21
823	259;21
823	343;21
825	562;21
827	697;21
827	706;21
830	759;21
831	978;21
836	49;21
836	556;21
836	972;21
837	800;21
837	932;21
840	255;21
841	92;21
842	926;21
843	179;21
843	636;21
844	220;21
844	984;21
844	995;21
845	443;21
845	491;21
851	373;21
851	648;21
851	969;21
859	56;21
859	769;21
859	844;21
862	154;21
862	694;21
862	822;21
864	479;21
864	883;21
865	622;21
869	493;21
869	622;21
871	754;21
877	484;21
877	786;21
879	154;21
879	248;21
879	786;21
881	259;21
881	360;21
881	508;21
881	767;21
881	923;21
883	343;21
883	891;21
891	34;21
891	73;21
891	136;21
891	137;21
891	251;21
891	268;21
891	448;21
891	492;21
891	961;21
891	972;21
895	335;21
897	182;21
898	493;21
900	931;21
902	899;21
903	776;21
903	846;21
905	697;21
905	747;21
906	25;21
906	136;21
906	440;21
906	766;21
906	879;21
906	926;21
908	742;21
908	969;21
909	335;21
915	23;21
915	969;21
918	343;21
918	388;21
919	56;21
919	979;21
923	833;21
924	424;21
924	486;21
925	451;21
926	419;21
926	631;21
926	638;21
928	138;21
928	165;21
928	295;21
928	477;21
928	592;21
928	932;21
929	847;21
930	805;21
931	678;21
932	335;21
935	527;21
938	25;21
938	810;21
938	869;21
938	982;21
939	87;21
939	736;21
939	872;21
944	526;21
946	919;21
947	905;21
949	55;21
949	68;21
949	87;21
949	419;21
949	456;21
949	584;21
949	601;21
949	865;21
949	892;21
949	924;21
949	995;21
950	25;21
950	168;21
950	502;21
950	622;21
952	654;21
952	757;21
952	929;21
953	856;21
955	384;21
955	644;21
955	969;21
957	979;21
959	16;21
959	253;21
959	742;21
959	982;21
960	154;21
963	972;21
964	877;21
965	259;21
965	526;21
965	971;21
966	283;21
967	830;21
967	997;21
968	815;21
969	356;21
969	535;21
969	770;21
969	895;21
970	754;21
970	911;21
970	926;21
970	946;21
971	374;21
971	415;21
971	423;21
971	588;21
973	227;21
973	980;21
973	989;21
974	451;21
974	851;21
974	970;21
974	988;21
976	931;21
977	467;21
980	168;21
982	52;21
982	416;21
982	931;21
982	973;21
983	795;21
984	622;21
984	924;21
985	321;21
987	638;21
988	212;21
988	493;21
988	662;21
988	963;21
988	984;21
989	706;21
989	919;21
994	550;21
994	919;21
997	110;21
997	978;21
998	15;21
998	617;21
999	417;21
999	501;21
999	753;21
999	919;21
