1	6;10
2	645;10
6	58;10
6	70;10
6	87;10
6	93;10
6	94;10
6	100;10
6	129;10
6	145;10
6	165;10
6	206;10
6	212;10
6	282;10
6	296;10
7	43;10
7	645;10
7	759;10
7	985;10
7	987;10
11	563;10
11	634;10
12	450;10
12	891;10
14	477;10
15	202;10
16	759;10
16	879;10
21	82;10
22	330;10
25	113;10
31	45;10
32	583;10
34	529;10
37	491;10
39	94;10
41	581;10
43	55;10
45	195;10
49	124;10
49	155;10
49	203;10
49	394;10
49	444;10
49	445;10
49	448;10
49	475;10
49	608;10
49	759;10
49	822;10
52	926;10
52	988;10
55	35;10
55	85;10
55	248;10
55	305;10
55	365;10
55	479;10
55	491;10
55	514;10
55	581;10
55	607;10
55	645;10
55	675;10
56	38;10
56	218;10
56	598;10
56	664;10
56	919;10
58	307;10
65	140;10
65	172;10
68	706;10
68	858;10
68	929;10
69	830;10
73	19;10
74	108;10
84	676;10
85	959;10
87	707;10
87	708;10
87	712;10
87	715;10
87	734;10
92	748;10
93	338;10
95	49;10
100	138;10
103	584;10
104	514;10
104	561;10
105	16;10
105	182;10
106	148;10
107	248;10
109	422;10
110	968;10
113	495;10
113	844;10
113	995;10
115	7;10
115	148;10
115	736;10
115	836;10
115	979;10
118	360;10
118	427;10
118	872;10
118	979;10
119	477;10
119	602;10
119	754;10
119	967;10
124	181;10
124	259;10
124	538;10
130	924;10
138	203;10
138	929;10
148	68;10
148	168;10
148	929;10
154	508;10
154	765;10
154	789;10
154	814;10
154	865;10
154	874;10
155	602;10
155	823;10
157	150;10
159	261;10
162	74;10
165	666;10
165	891;10
165	949;10
168	689;10
169	526;10
173	167;10
179	862;10
181	619;10
182	458;10
182	905;10
182	947;10
183	949;10
196	330;10
197	453;10
197	636;10
202	583;10
203	108;10
203	261;10
203	330;10
205	161;10
206	534;10
208	814;10
210	92;10
212	305;10
213	6;10
217	248;10
217	759;10
218	6;10
218	58;10
218	391;10
218	466;10
218	514;10
218	549;10
220	167;10
222	526;10
225	108;10
227	321;10
227	503;10
227	724;10
227	924;10
227	989;10
228	375;10
229	664;10
229	974;10
232	203;10
232	317;10
235	45;10
238	195;10
238	262;10
239	339;10
241	283;10
241	321;10
241	360;10
242	6;10
242	55;10
242	906;10
246	11;10
248	343;10
248	441;10
248	978;10
255	110;10
255	987;10
259	49;10
259	64;10
259	200;10
259	218;10
259	248;10
259	266;10
259	330;10
259	346;10
259	354;10
259	626;10
259	740;10
259	755;10
259	887;10
259	967;10
259	985;10
261	251;10
263	114;10
266	622;10
268	420;10
270	7;10
270	998;10
282	100;10
283	966;10
293	75;10
295	148;10
295	531;10
295	576;10
296	834;10
296	924;10
298	283;10
300	385;10
300	405;10
300	420;10
300	525;10
300	541;10
300	575;10
300	586;10
300	635;10
300	653;10
306	386;10
306	490;10
306	670;10
306	977;10
306	997;10
310	7;10
321	133;10
321	376;10
321	743;10
321	946;10
321	976;10
321	989;10
321	996;10
324	399;10
330	169;10
330	282;10
331	584;10
332	270;10
335	581;10
339	428;10
343	205;10
343	335;10
343	447;10
343	562;10
343	695;10
343	737;10
343	803;10
343	837;10
343	938;10
343	947;10
343	973;10
343	976;10
343	985;10
344	976;10
346	949;10
347	68;10
347	296;10
349	259;10
350	104;10
350	148;10
350	283;10
350	539;10
350	655;10
350	706;10
350	800;10
351	172;10
351	396;10
353	374;10
353	563;10
353	734;10
353	762;10
354	110;10
354	300;10
354	604;10
354	645;10
356	350;10
356	351;10
356	502;10
358	379;10
359	212;10
360	49;10
360	118;10
360	255;10
360	399;10
360	467;10
360	502;10
360	526;10
360	759;10
360	984;10
364	477;10
364	538;10
364	983;10
365	7;10
365	950;10
371	7;10
371	346;10
371	350;10
371	502;10
371	648;10
371	737;10
371	771;10
372	568;10
373	451;10
373	549;10
373	954;10
373	992;10
377	413;10
379	630;10
380	638;10
383	584;10
384	372;10
386	662;10
388	495;10
388	614;10
388	891;10
389	7;10
389	300;10
389	384;10
390	218;10
393	565;10
395	306;10
395	521;10
397	641;10
398	742;10
399	416;10
401	851;10
402	620;10
405	351;10
407	377;10
408	87;10
408	388;10
410	736;10
411	25;10
413	300;10
413	390;10
414	384;10
416	576;10
416	859;10
416	980;10
418	635;10
418	919;10
422	367;10
422	544;10
422	625;10
423	577;10
424	491;10
424	507;10
424	539;10
424	736;10
424	987;10
425	642;10
426	506;10
435	229;10
437	971;10
438	503;10
438	791;10
438	982;10
439	426;10
439	599;10
440	92;10
440	266;10
440	451;10
440	514;10
440	844;10
440	982;10
441	845;10
443	388;10
444	495;10
446	300;10
447	343;10
447	645;10
447	999;10
448	300;10
448	451;10
448	614;10
448	988;10
450	706;10
450	814;10
451	473;10
451	541;10
451	622;10
451	905;10
451	919;10
451	972;10
451	982;10
452	577;10
453	92;10
453	418;10
454	402;10
454	533;10
455	25;10
455	107;10
455	858;10
456	534;10
456	924;10
457	577;10
458	362;10
458	622;10
459	539;10
460	418;10
461	645;10
463	563;10
466	631;10
466	649;10
467	810;10
468	626;10
470	14;10
470	350;10
470	766;10
472	600;10
473	925;10
475	154;10
475	601;10
477	95;10
477	104;10
477	986;10
478	811;10
479	7;10
479	16;10
479	255;10
481	300;10
482	541;10
484	970;10
486	321;10
487	633;10
487	952;10
490	87;10
490	204;10
490	300;10
490	563;10
490	961;10
491	869;10
493	16;10
493	68;10
493	150;10
493	551;10
493	568;10
493	957;10
498	420;10
498	672;10
499	563;10
499	590;10
500	425;10
500	451;10
501	300;10
502	968;10
503	994;10
505	474;10
505	521;10
505	685;10
507	49;10
507	360;10
508	947;10
510	23;10
510	25;10
510	118;10
510	119;10
510	971;10
512	14;10
512	362;10
513	638;10
515	714;10
516	563;10
519	881;10
521	895;10
522	7;10
522	365;10
522	373;10
522	527;10
522	646;10
522	666;10
522	879;10
523	514;10
524	684;10
526	473;10
526	482;10
526	504;10
526	674;10
526	714;10
526	968;10
526	971;10
526	993;10
527	350;10
529	522;10
529	551;10
529	759;10
531	218;10
534	218;10
534	631;10
534	695;10
534	816;10
535	424;10
538	482;10
539	55;10
539	680;10
540	16;10
540	239;10
540	386;10
540	569;10
540	588;10
540	649;10
540	697;10
542	300;10
542	493;10
544	954;10
544	993;10
545	830;10
546	493;10
549	583;10
551	522;10
552	625;10
552	689;10
552	982;10
554	7;10
556	266;10
557	43;10
557	255;10
557	721;10
557	801;10
558	706;10
559	148;10
563	391;10
563	514;10
563	515;10
563	523;10
564	73;10
564	627;10
564	975;10
564	979;10
568	56;10
568	270;10
568	404;10
569	508;10
569	706;10
570	25;10
577	16;10
579	343;10
579	779;10
580	598;10
580	623;10
581	283;10
581	964;10
583	187;10
583	369;10
583	491;10
583	919;10
583	983;10
583	989;10
584	119;10
584	439;10
586	791;10
588	972;10
589	110;10
589	514;10
589	538;10
589	759;10
591	300;10
591	979;10
591	987;10
592	563;10
600	969;10
601	754;10
603	118;10
603	389;10
603	420;10
603	645;10
603	697;10
603	881;10
604	261;10
604	583;10
604	741;10
604	974;10
605	155;10
605	513;10
605	538;10
607	52;10
607	676;10
607	845;10
609	697;10
610	127;10
610	416;10
611	961;10
617	25;10
617	105;10
617	110;10
617	251;10
617	308;10
617	491;10
617	685;10
617	743;10
617	753;10
617	754;10
617	757;10
617	979;10
618	347;10
618	526;10
618	697;10
619	296;10
619	388;10
619	507;10
619	628;10
619	843;10
619	854;10
620	351;10
621	568;10
621	979;10
623	92;10
626	439;10
626	714;10
627	14;10
628	244;10
629	255;10
629	815;10
629	891;10
630	147;10
630	379;10
631	56;10
631	115;10
631	296;10
632	571;10
635	757;10
636	68;10
636	227;10
636	312;10
636	360;10
636	740;10
636	845;10
636	982;10
636	984;10
636	988;10
637	419;10
637	684;10
638	56;10
638	383;10
638	396;10
638	408;10
638	631;10
638	904;10
638	954;10
639	399;10
639	531;10
641	491;10
642	300;10
643	35;10
643	928;10
643	949;10
644	905;10
644	955;10
645	581;10
645	588;10
646	619;10
649	967;10
650	248;10
650	969;10
652	477;10
655	604;10
658	554;10
659	451;10
659	552;10
660	56;10
660	898;10
660	989;10
660	995;10
662	300;10
662	589;10
662	690;10
662	832;10
662	982;10
663	261;10
663	544;10
664	104;10
664	477;10
664	676;10
664	697;10
664	891;10
665	552;10
665	572;10
666	95;10
666	514;10
668	16;10
668	55;10
668	376;10
668	564;10
668	619;10
668	919;10
670	16;10
673	928;10
674	447;10
674	770;10
676	491;10
676	551;10
678	583;10
679	588;10
679	693;10
679	988;10
680	343;10
680	897;10
684	741;10
684	747;10
684	842;10
684	993;10
688	403;10
688	665;10
689	68;10
689	306;10
689	576;10
689	954;10
690	248;10
690	706;10
692	529;10
692	926;10
695	56;10
696	577;10
697	85;10
697	557;10
697	689;10
697	971;10
706	473;10
708	35;10
716	237;10
724	109;10
724	168;10
724	492;10
724	493;10
724	800;10
735	876;10
735	890;10
736	228;10
736	259;10
736	332;10
736	369;10
736	388;10
736	601;10
736	645;10
736	680;10
736	692;10
736	761;10
736	894;10
738	619;10
738	714;10
739	660;10
739	740;10
739	844;10
740	35;10
740	296;10
740	697;10
740	770;10
742	724;10
742	825;10
747	255;10
747	982;10
750	906;10
753	41;10
753	954;10
754	56;10
754	205;10
754	257;10
754	268;10
754	271;10
754	502;10
754	790;10
754	837;10
754	879;10
754	968;10
757	493;10
759	458;10
759	811;10
761	343;10
761	985;10
764	16;10
765	916;10
766	740;10
767	508;10
767	881;10
768	92;10
768	350;10
768	451;10
768	965;10
769	11;10
770	375;10
770	603;10
770	884;10
778	903;10
780	819;10
781	513;10
782	154;10
782	806;10
787	782;10
791	55;10
791	64;10
791	904;10
791	930;10
791	948;10
795	535;10
795	967;10
797	502;10
799	461;10
799	610;10
800	255;10
800	373;10
800	692;10
801	770;10
805	812;10
809	23;10
809	833;10
810	585;10
811	154;10
811	676;10
814	363;10
814	929;10
815	645;10
821	154;10
822	836;10
822	838;10
822	851;10
822	862;10
823	148;10
823	649;10
825	251;10
830	502;10
831	98;10
832	534;10
832	619;10
832	645;10
833	179;10
833	923;10
834	7;10
834	654;10
834	655;10
836	343;10
836	475;10
836	974;10
841	56;10
841	919;10
843	576;10
844	23;10
844	416;10
844	958;10
845	526;10
846	684;10
849	581;10
851	510;10
854	18;10
857	744;10
858	68;10
859	53;10
859	321;10
859	440;10
859	830;10
862	424;10
864	684;10
869	588;10
869	969;10
873	782;10
877	968;10
881	645;10
883	502;10
888	259;10
891	41;10
891	360;10
891	458;10
891	513;10
891	519;10
891	601;10
891	675;10
891	858;10
892	155;10
892	181;10
895	588;10
895	874;10
895	926;10
897	742;10
900	514;10
900	736;10
902	154;10
905	602;10
906	451;10
906	989;10
908	898;10
909	55;10
909	172;10
918	859;10
919	724;10
921	477;10
923	943;10
924	148;10
924	251;10
924	664;10
924	736;10
924	974;10
924	984;10
925	508;10
926	229;10
926	351;10
926	619;10
928	150;10
928	271;10
928	373;10
928	436;10
928	513;10
928	543;10
928	668;10
928	877;10
928	919;10
929	106;10
930	809;10
931	56;10
931	148;10
931	391;10
931	585;10
931	837;10
931	989;10
935	638;10
937	622;10
937	736;10
937	946;10
938	949;10
939	375;10
943	791;10
943	822;10
944	844;10
945	49;10
946	295;10
947	80;10
947	430;10
947	568;10
947	770;10
947	946;10
949	11;10
949	18;10
949	124;10
949	218;10
949	343;10
949	372;10
949	612;10
949	646;10
949	724;10
949	754;10
949	801;10
949	986;10
950	538;10
950	576;10
950	588;10
950	887;10
953	735;10
954	844;10
955	451;10
955	869;10
955	989;10
957	999;10
958	791;10
959	25;10
959	979;10
964	754;10
964	851;10
964	879;10
964	965;10
965	7;10
965	35;10
965	64;10
965	638;10
967	228;10
967	444;10
967	540;10
967	759;10
968	110;10
969	508;10
969	580;10
969	600;10
969	651;10
969	675;10
970	947;10
971	104;10
971	227;10
972	7;10
972	982;10
973	638;10
974	25;10
974	445;10
974	477;10
974	526;10
974	836;10
974	947;10
975	832;10
979	493;10
979	514;10
979	919;10
980	343;10
980	388;10
980	992;10
981	832;10
982	925;10
983	736;10
984	68;10
984	343;10
984	905;10
985	549;10
986	892;10
987	118;10
987	532;10
987	645;10
987	768;10
987	925;10
988	321;10
988	766;10
989	35;10
989	270;10
989	306;10
989	376;10
989	436;10
990	359;10
991	655;10
992	255;10
992	361;10
993	524;10
996	16;10
997	227;10
997	493;10
997	638;10
997	979;10
998	622;10
998	987;10
999	526;10
