1	8;15
4	361;15
6	24;15
6	34;15
6	41;15
6	77;15
6	86;15
6	101;15
6	126;15
6	148;15
6	201;15
6	208;15
6	209;15
6	223;15
6	253;15
6	270;15
6	345;15
7	251;15
7	321;15
7	992;15
11	469;15
11	759;15
11	879;15
14	513;15
14	967;15
14	982;15
15	56;15
18	383;15
19	764;15
21	75;15
21	244;15
22	747;15
25	706;15
34	638;15
34	781;15
36	7;15
42	301;15
48	261;15
49	37;15
49	58;15
49	122;15
49	538;15
49	562;15
49	607;15
49	836;15
49	841;15
49	854;15
49	963;15
49	983;15
52	35;15
52	973;15
55	94;15
55	110;15
55	377;15
55	473;15
55	851;15
55	949;15
55	972;15
56	16;15
56	356;15
56	508;15
56	515;15
56	574;15
56	617;15
56	636;15
56	679;15
58	980;15
63	244;15
64	981;15
71	232;15
75	33;15
75	232;15
78	697;15
82	244;15
84	376;15
84	995;15
85	697;15
87	719;15
88	94;15
88	931;15
89	347;15
92	270;15
93	6;15
93	738;15
93	971;15
96	736;15
100	33;15
100	313;15
101	872;15
103	181;15
103	227;15
103	742;15
104	557;15
106	61;15
110	52;15
110	540;15
113	370;15
118	373;15
118	454;15
118	581;15
118	862;15
119	84;15
119	133;15
119	148;15
119	601;15
124	110;15
124	267;15
124	470;15
128	181;15
131	6;15
138	859;15
144	266;15
147	220;15
148	696;15
148	979;15
148	999;15
154	87;15
154	356;15
154	750;15
154	763;15
154	798;15
154	800;15
154	819;15
154	822;15
154	943;15
154	952;15
155	682;15
158	176;15
168	155;15
168	347;15
169	82;15
169	754;15
171	526;15
173	768;15
174	292;15
179	877;15
181	924;15
196	427;15
196	837;15
197	175;15
202	118;15
203	313;15
203	337;15
206	800;15
206	906;15
210	321;15
210	908;15
212	969;15
218	197;15
218	364;15
218	450;15
218	619;15
218	747;15
222	6;15
227	255;15
227	897;15
227	996;15
238	6;15
241	938;15
242	526;15
244	85;15
245	643;15
246	6;15
246	450;15
248	488;15
248	534;15
248	969;15
253	179;15
258	261;15
259	22;15
259	108;15
259	203;15
259	268;15
259	353;15
259	482;15
259	636;15
259	664;15
259	694;15
262	6;15
268	343;15
270	662;15
275	487;15
275	664;15
275	676;15
278	259;15
282	21;15
282	201;15
287	48;15
293	244;15
295	393;15
295	505;15
296	619;15
296	848;15
298	371;15
298	584;15
299	33;15
299	75;15
300	367;15
300	386;15
300	412;15
300	426;15
300	431;15
300	454;15
300	487;15
300	600;15
300	639;15
300	646;15
306	662;15
308	325;15
310	203;15
310	354;15
311	55;15
313	133;15
313	244;15
317	172;15
321	221;15
321	275;15
321	298;15
321	422;15
321	426;15
321	440;15
321	479;15
321	607;15
321	897;15
331	119;15
331	883;15
335	35;15
335	241;15
335	377;15
339	229;15
343	173;15
343	227;15
343	244;15
343	346;15
343	519;15
343	552;15
343	754;15
343	832;15
343	906;15
346	583;15
346	659;15
346	917;15
346	950;15
347	514;15
347	895;15
349	182;15
349	603;15
350	16;15
350	56;15
350	110;15
350	133;15
350	459;15
350	879;15
351	926;15
353	95;15
353	377;15
353	391;15
354	61;15
354	622;15
356	248;15
356	612;15
357	891;15
358	738;15
359	187;15
359	985;15
359	999;15
360	14;15
360	34;15
360	636;15
360	674;15
360	874;15
360	950;15
362	165;15
362	974;15
363	110;15
365	53;15
365	255;15
365	697;15
365	931;15
367	528;15
368	441;15
369	358;15
371	248;15
371	295;15
371	361;15
371	380;15
371	447;15
371	988;15
372	295;15
372	736;15
375	697;15
376	676;15
377	599;15
378	220;15
379	407;15
379	641;15
380	538;15
381	516;15
381	642;15
384	598;15
388	844;15
389	438;15
390	321;15
390	546;15
390	635;15
391	214;15
391	736;15
391	861;15
395	384;15
395	929;15
401	844;15
402	255;15
402	376;15
402	577;15
402	634;15
402	685;15
403	640;15
405	531;15
406	548;15
408	946;15
410	619;15
411	110;15
416	979;15
418	168;15
418	417;15
418	422;15
418	695;15
418	892;15
420	955;15
421	650;15
422	41;15
422	270;15
422	491;15
422	622;15
422	762;15
422	924;15
424	514;15
424	859;15
424	887;15
426	11;15
426	413;15
426	439;15
434	372;15
435	692;15
436	576;15
437	350;15
437	614;15
438	714;15
440	41;15
440	227;15
440	398;15
440	502;15
440	664;15
443	35;15
443	93;15
443	544;15
444	205;15
444	331;15
444	526;15
444	919;15
444	976;15
445	275;15
445	584;15
446	439;15
447	351;15
447	689;15
447	738;15
448	531;15
450	56;15
450	684;15
450	959;15
451	61;15
451	668;15
451	741;15
452	685;15
453	168;15
453	551;15
453	993;15
454	541;15
454	895;15
455	491;15
455	844;15
456	487;15
458	368;15
458	664;15
459	350;15
459	925;15
460	457;15
461	514;15
463	967;15
465	300;15
466	14;15
466	504;15
466	684;15
467	14;15
467	360;15
467	395;15
467	612;15
467	766;15
467	871;15
467	879;15
467	924;15
467	946;15
467	949;15
467	983;15
468	454;15
470	11;15
470	968;15
473	535;15
473	786;15
475	68;15
475	229;15
477	25;15
477	227;15
477	636;15
479	391;15
479	539;15
479	719;15
479	974;15
479	982;15
480	548;15
482	367;15
482	660;15
482	665;15
482	947;15
485	119;15
487	931;15
488	49;15
490	35;15
490	993;15
491	11;15
492	841;15
493	368;15
493	544;15
493	580;15
493	679;15
493	811;15
498	373;15
498	466;15
498	468;15
499	390;15
500	567;15
501	634;15
502	295;15
502	430;15
502	626;15
502	736;15
502	841;15
502	955;15
506	759;15
508	506;15
508	675;15
510	662;15
510	742;15
512	526;15
512	569;15
513	540;15
513	588;15
514	106;15
514	270;15
514	988;15
516	565;15
522	202;15
522	332;15
522	359;15
522	416;15
522	479;15
522	484;15
522	562;15
522	618;15
522	827;15
523	218;15
526	14;15
526	84;15
526	171;15
526	183;15
526	201;15
526	300;15
526	359;15
526	426;15
526	498;15
526	543;15
526	569;15
526	627;15
526	679;15
526	908;15
526	970;15
526	987;15
526	999;15
527	674;15
529	300;15
531	502;15
534	23;15
534	649;15
535	361;15
535	487;15
535	589;15
535	877;15
536	300;15
537	167;15
539	543;15
539	589;15
539	607;15
540	275;15
540	418;15
540	441;15
540	526;15
543	514;15
543	982;15
544	148;15
544	448;15
544	668;15
544	879;15
544	897;15
546	104;15
546	949;15
548	747;15
549	692;15
549	949;15
551	95;15
551	267;15
551	374;15
551	467;15
551	843;15
551	904;15
552	259;15
552	397;15
552	617;15
554	367;15
554	421;15
557	73;15
557	204;15
557	423;15
557	844;15
557	894;15
558	689;15
559	665;15
561	248;15
563	369;15
563	388;15
563	395;15
563	402;15
563	423;15
563	467;15
563	596;15
563	631;15
563	647;15
564	43;15
564	182;15
564	417;15
564	569;15
564	602;15
564	664;15
564	760;15
564	766;15
564	989;15
565	425;15
568	248;15
569	645;15
569	656;15
570	119;15
570	925;15
571	295;15
572	577;15
574	168;15
574	321;15
574	607;15
574	676;15
575	979;15
577	502;15
577	625;15
577	672;15
577	689;15
577	841;15
578	440;15
580	377;15
580	482;15
581	110;15
581	218;15
581	973;15
582	393;15
583	245;15
583	395;15
583	424;15
583	446;15
583	507;15
583	650;15
583	742;15
583	767;15
584	334;15
584	547;15
584	892;15
584	919;15
588	98;15
588	502;15
588	649;15
588	970;15
589	255;15
590	604;15
592	604;15
592	692;15
599	402;15
599	598;15
600	451;15
601	110;15
601	526;15
601	589;15
601	619;15
601	638;15
601	982;15
603	19;15
603	605;15
603	674;15
603	924;15
604	92;15
604	155;15
604	664;15
604	724;15
604	976;15
605	16;15
605	104;15
605	306;15
605	491;15
607	55;15
607	575;15
607	619;15
607	635;15
607	949;15
607	989;15
612	350;15
612	529;15
612	664;15
615	372;15
617	576;15
617	623;15
617	671;15
617	905;15
618	837;15
619	237;15
619	306;15
619	709;15
619	814;15
619	919;15
619	995;15
620	399;15
620	474;15
625	599;15
626	295;15
626	417;15
626	630;15
628	368;15
630	563;15
633	602;15
636	440;15
636	454;15
638	7;15
638	109;15
638	270;15
638	865;15
638	972;15
638	977;15
639	384;15
640	552;15
641	300;15
643	49;15
644	506;15
645	55;15
645	514;15
645	557;15
645	877;15
645	955;15
646	14;15
647	869;15
649	56;15
650	526;15
650	600;15
650	989;15
651	300;15
651	514;15
651	636;15
654	502;15
655	6;15
655	7;15
655	220;15
655	246;15
655	344;15
655	507;15
655	678;15
655	697;15
659	456;15
659	493;15
659	945;15
660	68;15
662	55;15
662	105;15
664	368;15
664	388;15
665	550;15
666	255;15
667	759;15
668	39;15
668	461;15
668	653;15
668	677;15
668	929;15
668	987;15
668	996;15
669	115;15
669	270;15
670	486;15
670	512;15
671	363;15
671	636;15
673	526;15
673	832;15
674	919;15
675	451;15
675	969;15
676	539;15
676	540;15
677	255;15
679	522;15
679	645;15
679	987;15
680	534;15
682	300;15
682	845;15
684	982;15
685	617;15
688	521;15
689	647;15
690	227;15
692	123;15
693	659;15
694	182;15
694	624;15
694	969;15
695	645;15
695	974;15
695	997;15
697	275;15
697	440;15
697	441;15
697	993;15
697	998;15
708	706;15
714	665;15
717	712;15
724	16;15
724	218;15
724	276;15
724	617;15
724	950;15
734	87;15
736	128;15
736	251;15
736	347;15
736	353;15
736	491;15
736	581;15
736	600;15
736	602;15
736	607;15
736	684;15
736	969;15
737	154;15
737	255;15
737	680;15
737	995;15
738	645;15
738	687;15
738	696;15
739	952;15
740	974;15
741	996;15
742	995;15
746	756;15
747	154;15
747	668;15
747	757;15
747	787;15
747	851;15
747	992;15
748	251;15
753	248;15
753	270;15
753	491;15
753	662;15
753	932;15
754	115;15
754	148;15
754	391;15
754	399;15
754	437;15
754	739;15
754	740;15
754	906;15
754	969;15
755	568;15
757	924;15
758	105;15
758	808;15
759	259;15
759	270;15
759	982;15
760	831;15
761	946;15
763	844;15
766	208;15
766	421;15
766	493;15
766	638;15
770	450;15
770	754;15
770	845;15
771	335;15
775	154;15
776	778;15
778	756;15
781	949;15
782	793;15
782	858;15
785	154;15
786	832;15
789	830;15
790	22;15
791	26;15
791	749;15
791	876;15
791	892;15
792	607;15
792	791;15
793	899;15
795	222;15
795	255;15
795	830;15
795	931;15
795	958;15
797	891;15
798	805;15
799	926;15
800	208;15
800	350;15
801	218;15
801	270;15
801	362;15
801	559;15
802	58;15
809	73;15
809	283;15
810	55;15
814	367;15
814	638;15
815	911;15
827	971;15
830	697;15
834	321;15
834	830;15
835	799;15
836	654;15
836	900;15
836	987;15
843	283;15
843	931;15
844	426;15
844	620;15
845	148;15
845	306;15
845	479;15
845	768;15
846	252;15
846	995;15
847	736;15
850	154;15
850	953;15
851	351;15
851	974;15
853	804;15
855	416;15
858	399;15
859	578;15
859	600;15
859	836;15
862	791;15
862	809;15
865	491;15
865	739;15
869	895;15
870	829;15
871	295;15
873	154;15
877	654;15
879	719;15
881	782;15
883	218;15
884	954;15
887	104;15
888	110;15
888	306;15
891	14;15
891	85;15
891	155;15
891	222;15
891	411;15
891	412;15
891	618;15
891	747;15
891	759;15
891	888;15
891	897;15
891	954;15
892	373;15
892	697;15
894	738;15
894	831;15
895	298;15
895	395;15
898	7;15
900	80;15
900	598;15
904	811;15
905	584;15
905	644;15
905	810;15
906	208;15
906	295;15
906	493;15
908	458;15
908	584;15
911	995;15
915	154;15
917	747;15
924	982;15
925	507;15
926	55;15
926	367;15
926	377;15
926	424;15
926	438;15
926	912;15
926	947;15
926	977;15
926	980;15
926	983;15
927	451;15
928	35;15
928	49;15
928	204;15
928	307;15
928	555;15
928	622;15
928	985;15
929	965;15
930	158;15
930	837;15
932	101;15
935	845;15
937	206;15
938	556;15
938	636;15
938	695;15
939	987;15
941	55;15
947	7;15
949	175;15
949	208;15
949	251;15
949	300;15
949	395;15
949	467;15
949	512;15
949	768;15
949	919;15
950	16;15
950	43;15
950	266;15
950	801;15
950	809;15
950	984;15
954	982;15
959	56;15
959	144;15
959	388;15
959	422;15
959	648;15
959	721;15
959	837;15
959	924;15
962	916;15
963	557;15
964	118;15
964	154;15
965	300;15
965	622;15
965	928;15
966	255;15
967	87;15
967	706;15
967	719;15
968	487;15
968	622;15
968	684;15
968	697;15
968	926;15
969	25;15
969	305;15
969	741;15
969	797;15
971	437;15
971	440;15
971	479;15
971	526;15
972	502;15
972	919;15
974	11;15
974	376;15
974	924;15
974	996;15
975	748;15
975	834;15
979	477;15
979	987;15
980	56;15
980	416;15
982	15;15
982	248;15
982	897;15
983	321;15
983	926;15
987	926;15
987	999;15
988	110;15
988	343;15
988	645;15
989	87;15
989	321;15
989	697;15
989	926;15
991	926;15
992	168;15
992	724;15
992	993;15
993	361;15
993	486;15
995	343;15
995	386;15
997	622;15
997	972;15
997	974;15
997	982;15
999	440;15
