2	270;3
6	14;3
6	144;3
6	168;3
6	200;3
6	238;3
6	258;3
6	261;3
6	336;3
7	664;3
7	967;3
11	96;3
12	988;3
14	450;3
14	589;3
15	543;3
15	551;3
15	588;3
16	926;3
18	6;3
18	11;3
21	330;3
25	373;3
29	282;3
32	242;3
32	330;3
34	534;3
34	538;3
34	697;3
35	440;3
35	708;3
37	126;3
45	174;3
49	268;3
49	298;3
49	356;3
49	398;3
49	601;3
49	618;3
49	991;3
52	408;3
53	6;3
55	14;3
55	291;3
55	391;3
55	456;3
55	719;3
55	985;3
56	419;3
56	477;3
56	721;3
56	743;3
56	762;3
56	926;3
57	141;3
58	558;3
64	385;3
67	6;3
68	493;3
72	132;3
74	172;3
74	240;3
84	92;3
87	649;3
87	700;3
87	703;3
88	583;3
88	969;3
92	669;3
93	376;3
93	443;3
94	697;3
95	540;3
95	584;3
96	18;3
100	6;3
104	119;3
104	148;3
104	978;3
105	94;3
106	714;3
106	906;3
107	514;3
108	220;3
109	478;3
110	115;3
110	208;3
113	950;3
115	874;3
115	954;3
118	388;3
118	994;3
119	168;3
119	570;3
119	742;3
123	118;3
124	795;3
128	715;3
129	503;3
133	770;3
144	613;3
148	358;3
149	279;3
154	110;3
154	779;3
154	784;3
154	849;3
154	855;3
154	908;3
154	913;3
154	954;3
154	959;3
155	110;3
155	418;3
155	479;3
157	174;3
157	277;3
157	322;3
161	422;3
168	577;3
172	225;3
172	330;3
173	975;3
177	261;3
181	110;3
181	584;3
182	300;3
182	343;3
196	822;3
197	6;3
200	747;3
200	965;3
201	313;3
202	834;3
203	162;3
203	282;3
204	376;3
205	343;3
208	148;3
208	423;3
208	967;3
209	634;3
210	255;3
212	187;3
212	622;3
212	697;3
214	376;3
217	169;3
218	376;3
218	417;3
218	442;3
218	455;3
218	558;3
218	561;3
218	627;3
218	684;3
218	861;3
222	208;3
223	261;3
227	14;3
227	781;3
227	874;3
228	645;3
228	924;3
228	986;3
229	275;3
229	306;3
229	360;3
229	697;3
230	939;3
232	29;3
232	71;3
233	42;3
240	65;3
240	313;3
244	169;3
248	501;3
248	844;3
251	110;3
251	526;3
251	564;3
251	617;3
251	795;3
251	995;3
255	719;3
259	90;3
259	104;3
259	283;3
259	395;3
259	421;3
259	638;3
259	676;3
259	813;3
259	949;3
259	983;3
270	255;3
270	622;3
271	245;3
273	21;3
275	6;3
275	347;3
275	651;3
275	931;3
276	118;3
276	210;3
282	75;3
283	360;3
293	21;3
293	159;3
295	696;3
296	109;3
296	931;3
300	371;3
300	387;3
300	437;3
300	472;3
300	488;3
300	564;3
300	583;3
300	609;3
300	610;3
300	664;3
300	670;3
300	672;3
301	261;3
321	580;3
321	919;3
324	972;3
331	14;3
331	607;3
332	56;3
334	969;3
335	25;3
335	507;3
337	321;3
338	29;3
338	337;3
343	71;3
343	154;3
343	204;3
343	306;3
343	350;3
343	357;3
343	360;3
343	498;3
343	612;3
343	676;3
343	738;3
343	748;3
343	802;3
343	865;3
343	879;3
343	940;3
343	979;3
346	982;3
347	371;3
349	11;3
349	601;3
350	7;3
350	58;3
350	361;3
350	588;3
354	259;3
356	321;3
358	377;3
358	466;3
360	466;3
360	827;3
360	969;3
362	638;3
363	321;3
363	759;3
365	741;3
366	626;3
367	420;3
367	665;3
368	14;3
369	379;3
370	343;3
370	426;3
371	321;3
371	445;3
371	797;3
371	969;3
372	955;3
373	241;3
373	563;3
373	929;3
374	300;3
374	926;3
376	669;3
376	883;3
378	437;3
379	377;3
383	218;3
383	814;3
388	96;3
389	563;3
390	439;3
390	919;3
391	477;3
391	645;3
391	995;3
394	508;3
394	714;3
397	482;3
397	505;3
397	584;3
399	460;3
399	526;3
399	577;3
399	790;3
401	424;3
403	454;3
407	506;3
407	563;3
407	641;3
408	958;3
411	954;3
414	437;3
414	770;3
416	946;3
417	691;3
418	442;3
418	697;3
418	926;3
420	295;3
421	300;3
422	35;3
422	61;3
422	107;3
422	109;3
422	148;3
422	239;3
422	970;3
424	631;3
424	680;3
424	768;3
424	862;3
425	499;3
426	405;3
426	674;3
427	450;3
429	168;3
430	919;3
431	995;3
433	422;3
438	577;3
440	493;3
442	441;3
443	321;3
443	689;3
444	836;3
444	949;3
444	969;3
446	412;3
446	570;3
447	391;3
447	543;3
447	654;3
448	275;3
448	844;3
450	255;3
450	376;3
450	415;3
450	702;3
450	979;3
451	373;3
451	426;3
451	581;3
451	617;3
451	619;3
451	623;3
451	697;3
451	736;3
451	984;3
452	620;3
454	371;3
454	969;3
455	638;3
458	300;3
458	335;3
458	360;3
459	14;3
459	244;3
459	374;3
460	611;3
461	974;3
466	491;3
466	563;3
466	888;3
467	757;3
467	792;3
470	155;3
470	267;3
470	305;3
470	477;3
470	623;3
470	676;3
470	926;3
473	947;3
475	49;3
475	376;3
475	602;3
475	754;3
477	56;3
479	540;3
482	110;3
484	968;3
485	522;3
485	853;3
485	958;3
486	391;3
486	969;3
488	971;3
490	208;3
490	376;3
490	466;3
490	622;3
490	768;3
490	973;3
491	68;3
491	766;3
492	493;3
493	581;3
493	757;3
493	842;3
496	532;3
497	514;3
498	626;3
502	391;3
502	738;3
502	906;3
502	1000;3
503	118;3
505	426;3
505	452;3
508	841;3
510	218;3
512	35;3
512	616;3
512	631;3
513	968;3
514	94;3
514	218;3
514	706;3
514	714;3
521	748;3
522	270;3
522	538;3
522	581;3
522	895;3
522	968;3
526	98;3
526	271;3
526	299;3
526	487;3
526	694;3
526	747;3
526	876;3
526	919;3
526	973;3
526	980;3
527	622;3
529	168;3
529	618;3
529	738;3
534	87;3
534	270;3
534	538;3
534	540;3
534	919;3
535	952;3
537	377;3
537	584;3
539	433;3
539	493;3
540	204;3
540	470;3
540	535;3
540	607;3
540	618;3
540	651;3
540	724;3
542	477;3
543	648;3
543	757;3
543	887;3
544	527;3
544	534;3
544	770;3
544	996;3
545	403;3
546	919;3
549	422;3
551	54;3
551	524;3
551	662;3
551	931;3
552	407;3
552	457;3
552	987;3
554	662;3
557	41;3
557	106;3
557	298;3
557	806;3
557	831;3
557	855;3
557	978;3
558	568;3
560	300;3
561	300;3
562	757;3
563	295;3
563	463;3
563	491;3
563	685;3
563	695;3
564	982;3
568	488;3
569	590;3
569	883;3
574	182;3
574	205;3
575	283;3
577	521;3
577	926;3
577	969;3
580	321;3
581	41;3
581	228;3
581	543;3
581	830;3
582	403;3
583	482;3
583	576;3
583	930;3
583	991;3
583	993;3
584	738;3
584	926;3
585	229;3
586	436;3
588	684;3
588	891;3
589	870;3
590	95;3
590	754;3
590	757;3
600	770;3
601	104;3
601	255;3
601	349;3
601	853;3
603	742;3
603	865;3
604	619;3
604	676;3
604	719;3
605	115;3
606	516;3
607	259;3
607	383;3
607	442;3
607	589;3
607	800;3
608	552;3
609	63;3
609	275;3
609	979;3
611	522;3
614	218;3
614	617;3
617	305;3
617	514;3
617	662;3
617	957;3
617	967;3
618	376;3
618	646;3
618	759;3
618	989;3
619	16;3
619	187;3
619	343;3
619	601;3
619	668;3
619	736;3
620	16;3
621	576;3
621	645;3
622	182;3
626	397;3
626	506;3
627	92;3
627	110;3
627	168;3
627	295;3
627	514;3
627	757;3
627	928;3
629	209;3
629	984;3
630	395;3
632	49;3
636	41;3
636	197;3
636	585;3
636	600;3
638	458;3
638	737;3
640	300;3
640	372;3
641	412;3
642	516;3
644	68;3
645	295;3
645	360;3
645	419;3
645	482;3
645	874;3
645	925;3
646	607;3
651	601;3
655	467;3
655	694;3
657	563;3
659	96;3
659	302;3
659	512;3
659	583;3
661	255;3
662	583;3
662	694;3
662	928;3
662	989;3
664	564;3
664	706;3
664	971;3
665	395;3
665	412;3
665	446;3
665	625;3
666	300;3
666	640;3
667	854;3
667	859;3
668	43;3
668	680;3
669	374;3
670	950;3
670	992;3
671	7;3
671	356;3
673	531;3
674	395;3
674	491;3
676	16;3
676	588;3
677	697;3
678	674;3
679	49;3
679	204;3
679	295;3
679	380;3
679	607;3
680	110;3
680	182;3
680	321;3
680	368;3
680	442;3
680	466;3
680	522;3
680	982;3
684	524;3
684	588;3
684	604;3
689	110;3
689	534;3
690	662;3
690	747;3
692	535;3
694	23;3
694	356;3
694	641;3
694	678;3
694	869;3
695	343;3
695	534;3
695	655;3
697	450;3
697	473;3
697	588;3
714	584;3
715	436;3
715	698;3
719	55;3
719	109;3
719	182;3
719	440;3
719	935;3
721	87;3
721	344;3
722	702;3
724	376;3
724	629;3
724	719;3
724	904;3
724	978;3
724	993;3
734	16;3
736	274;3
736	440;3
736	467;3
736	477;3
736	577;3
736	605;3
736	676;3
737	424;3
737	650;3
738	154;3
739	11;3
739	544;3
740	227;3
740	493;3
740	574;3
740	636;3
741	16;3
741	154;3
742	11;3
747	424;3
747	493;3
747	684;3
748	35;3
748	133;3
753	836;3
753	982;3
754	100;3
754	244;3
754	275;3
754	424;3
754	447;3
754	478;3
754	535;3
754	549;3
754	574;3
754	771;3
754	851;3
754	853;3
754	865;3
754	948;3
754	970;3
754	994;3
757	321;3
760	376;3
762	950;3
764	217;3
764	689;3
766	296;3
766	619;3
769	123;3
769	220;3
769	791;3
769	984;3
770	569;3
770	614;3
770	999;3
771	662;3
772	154;3
774	154;3
775	899;3
777	154;3
781	255;3
782	828;3
789	113;3
789	897;3
791	588;3
791	938;3
793	376;3
795	25;3
795	244;3
795	380;3
795	503;3
795	605;3
795	676;3
795	736;3
795	764;3
797	482;3
799	835;3
800	168;3
801	350;3
801	619;3
801	662;3
801	714;3
802	92;3
805	179;3
806	228;3
806	343;3
806	884;3
807	360;3
810	503;3
810	905;3
811	493;3
815	447;3
815	956;3
822	510;3
822	584;3
822	843;3
822	982;3
823	697;3
823	895;3
823	983;3
830	627;3
830	905;3
834	526;3
836	928;3
837	771;3
837	931;3
838	660;3
838	830;3
841	438;3
841	987;3
843	897;3
844	222;3
844	668;3
844	738;3
844	740;3
845	844;3
847	168;3
847	929;3
848	321;3
851	227;3
851	547;3
851	742;3
852	154;3
854	526;3
859	210;3
859	350;3
859	502;3
859	563;3
859	651;3
859	889;3
861	227;3
862	498;3
862	950;3
864	682;3
865	343;3
869	811;3
874	487;3
877	251;3
877	534;3
883	350;3
885	828;3
886	838;3
887	926;3
887	950;3
888	978;3
891	49;3
891	182;3
891	321;3
891	362;3
891	871;3
891	904;3
891	975;3
891	976;3
897	544;3
898	576;3
898	931;3
900	270;3
904	786;3
906	34;3
906	115;3
906	229;3
906	331;3
906	458;3
906	622;3
906	734;3
906	741;3
906	979;3
909	356;3
909	931;3
911	92;3
916	735;3
918	622;3
918	645;3
919	989;3
919	999;3
925	594;3
925	957;3
926	454;3
926	482;3
926	502;3
926	617;3
926	984;3
927	343;3
927	946;3
928	96;3
928	128;3
928	154;3
928	344;3
928	461;3
928	510;3
928	792;3
928	828;3
928	891;3
928	988;3
929	620;3
929	770;3
931	248;3
931	668;3
931	895;3
932	645;3
935	526;3
937	531;3
938	266;3
939	346;3
939	531;3
939	822;3
939	925;3
940	854;3
946	601;3
946	636;3
947	742;3
949	115;3
949	205;3
949	296;3
949	360;3
949	367;3
949	473;3
949	631;3
950	61;3
950	283;3
950	321;3
950	356;3
950	549;3
950	747;3
950	969;3
951	154;3
952	487;3
952	531;3
955	674;3
956	813;3
957	96;3
958	373;3
958	408;3
959	270;3
959	969;3
960	769;3
962	154;3
963	798;3
964	743;3
964	799;3
964	954;3
965	168;3
965	275;3
965	583;3
965	724;3
965	742;3
965	972;3
966	248;3
966	897;3
967	514;3
967	676;3
968	636;3
969	633;3
969	659;3
969	897;3
969	931;3
969	968;3
974	415;3
974	768;3
974	926;3
979	410;3
979	998;3
980	23;3
980	58;3
980	92;3
980	979;3
982	747;3
983	255;3
983	823;3
985	526;3
985	931;3
987	610;3
988	104;3
988	546;3
988	851;3
988	927;3
988	969;3
989	115;3
989	978;3
993	992;3
996	638;3
997	486;3
997	877;3
997	970;3
998	416;3
