4	9;14
6	50;14
6	57;14
6	84;14
6	85;14
6	121;14
6	124;14
6	207;14
6	218;14
6	288;14
6	317;14
7	204;14
7	982;14
13	458;14
13	799;14
14	367;14
14	386;14
14	671;14
14	898;14
15	205;14
15	946;14
16	388;14
16	493;14
22	203;14
22	343;14
25	49;14
34	43;14
34	622;14
34	767;14
36	851;14
49	204;14
49	295;14
49	312;14
49	331;14
49	359;14
49	391;14
49	529;14
49	831;14
49	874;14
49	978;14
51	6;14
52	148;14
52	228;14
52	742;14
53	259;14
55	161;14
55	210;14
55	295;14
55	627;14
55	679;14
55	742;14
55	762;14
55	763;14
55	841;14
55	918;14
56	255;14
56	300;14
56	588;14
56	995;14
58	764;14
58	938;14
68	859;14
71	65;14
73	354;14
74	203;14
82	6;14
82	140;14
84	34;14
84	251;14
87	380;14
87	726;14
87	729;14
88	572;14
88	754;14
90	237;14
92	56;14
92	84;14
93	424;14
93	740;14
95	34;14
96	806;14
99	31;14
101	23;14
104	155;14
104	259;14
104	436;14
104	440;14
104	512;14
104	608;14
105	968;14
107	636;14
113	946;14
115	49;14
119	23;14
119	229;14
119	343;14
122	7;14
124	229;14
124	343;14
127	977;14
129	37;14
138	172;14
144	360;14
144	906;14
145	444;14
145	659;14
148	56;14
148	295;14
148	416;14
148	670;14
148	995;14
154	229;14
154	856;14
154	858;14
154	870;14
154	915;14
154	930;14
154	939;14
154	953;14
155	92;14
155	986;14
158	6;14
158	617;14
159	200;14
159	226;14
159	293;14
161	697;14
165	362;14
165	800;14
168	874;14
169	75;14
169	203;14
171	982;14
173	661;14
173	795;14
181	519;14
181	928;14
181	938;14
182	58;14
182	919;14
206	954;14
217	299;14
217	978;14
218	300;14
218	411;14
218	564;14
218	736;14
218	843;14
222	557;14
222	661;14
225	169;14
227	18;14
227	38;14
227	56;14
228	52;14
229	52;14
229	539;14
229	724;14
229	743;14
230	451;14
246	932;14
251	514;14
251	622;14
251	742;14
251	971;14
255	204;14
255	659;14
259	6;14
259	33;14
259	39;14
259	66;14
259	296;14
259	359;14
259	372;14
259	398;14
259	471;14
259	491;14
259	513;14
259	537;14
259	554;14
259	564;14
259	674;14
259	679;14
259	691;14
259	746;14
259	977;14
259	987;14
261	319;14
266	110;14
270	645;14
273	75;14
273	169;14
275	61;14
275	609;14
275	919;14
275	978;14
276	147;14
277	6;14
277	322;14
279	6;14
281	6;14
295	168;14
295	434;14
295	529;14
295	598;14
295	626;14
295	665;14
296	321;14
296	697;14
296	737;14
296	767;14
300	365;14
300	370;14
300	392;14
300	409;14
300	465;14
300	503;14
300	508;14
300	539;14
300	543;14
300	545;14
300	559;14
300	594;14
300	638;14
300	667;14
306	361;14
317	313;14
319	150;14
321	270;14
321	347;14
321	363;14
321	390;14
321	646;14
321	684;14
331	485;14
331	754;14
334	584;14
335	454;14
335	636;14
336	566;14
338	65;14
338	255;14
343	43;14
343	82;14
343	110;14
343	228;14
343	271;14
343	338;14
343	395;14
343	499;14
343	583;14
343	651;14
343	680;14
343	684;14
343	877;14
344	919;14
346	931;14
347	618;14
347	967;14
350	87;14
350	445;14
350	742;14
350	770;14
350	815;14
350	969;14
351	420;14
352	367;14
353	255;14
353	531;14
353	697;14
356	11;14
357	43;14
357	55;14
358	407;14
358	630;14
359	343;14
359	522;14
360	115;14
360	179;14
360	891;14
360	983;14
360	996;14
361	229;14
361	622;14
361	750;14
362	399;14
362	458;14
363	300;14
363	706;14
363	971;14
364	391;14
366	182;14
366	639;14
367	541;14
367	800;14
368	35;14
368	208;14
368	350;14
368	408;14
369	92;14
369	478;14
371	11;14
371	416;14
371	843;14
372	56;14
372	454;14
373	645;14
373	701;14
373	766;14
373	768;14
373	974;14
374	367;14
376	760;14
376	769;14
380	148;14
380	540;14
380	759;14
381	425;14
381	565;14
381	652;14
384	426;14
384	568;14
384	738;14
389	110;14
390	412;14
390	548;14
390	665;14
391	706;14
391	802;14
391	859;14
394	377;14
394	461;14
394	630;14
395	979;14
396	638;14
397	298;14
397	367;14
398	350;14
402	440;14
403	516;14
405	439;14
405	580;14
407	550;14
407	580;14
408	544;14
408	752;14
411	742;14
413	417;14
415	440;14
415	740;14
415	742;14
415	988;14
416	524;14
416	697;14
417	379;14
418	68;14
418	87;14
418	267;14
418	973;14
419	15;14
419	270;14
421	766;14
422	43;14
422	101;14
422	266;14
422	450;14
422	538;14
423	583;14
424	148;14
424	617;14
424	750;14
424	982;14
425	615;14
426	564;14
426	599;14
426	714;14
426	925;14
429	679;14
430	697;14
433	680;14
435	676;14
436	422;14
436	979;14
437	115;14
439	58;14
439	521;14
439	555;14
439	598;14
440	148;14
440	479;14
440	892;14
440	961;14
441	408;14
441	540;14
444	843;14
445	56;14
445	724;14
447	58;14
447	514;14
448	984;14
450	16;14
450	270;14
450	844;14
450	892;14
451	295;14
451	360;14
451	375;14
451	493;14
451	531;14
451	564;14
451	645;14
451	661;14
454	325;14
454	644;14
454	651;14
455	14;14
455	148;14
455	369;14
458	589;14
459	697;14
461	724;14
461	959;14
462	300;14
463	946;14
464	321;14
466	665;14
466	891;14
466	901;14
467	52;14
467	171;14
467	847;14
468	372;14
468	541;14
470	988;14
472	300;14
472	544;14
473	440;14
474	321;14
475	115;14
475	695;14
475	924;14
477	16;14
477	244;14
477	428;14
478	540;14
479	92;14
479	228;14
480	747;14
482	372;14
482	636;14
485	636;14
486	187;14
486	978;14
487	589;14
487	877;14
488	248;14
490	458;14
491	736;14
493	251;14
493	300;14
493	386;14
493	697;14
495	719;14
501	697;14
501	891;14
502	55;14
502	395;14
502	802;14
502	851;14
502	919;14
503	837;14
505	434;14
506	404;14
507	350;14
507	422;14
507	526;14
507	551;14
508	834;14
510	53;14
510	540;14
510	695;14
510	759;14
510	851;14
512	182;14
512	347;14
512	581;14
512	670;14
512	988;14
513	408;14
514	107;14
519	68;14
521	167;14
521	505;14
521	626;14
522	133;14
522	458;14
522	485;14
522	795;14
522	928;14
523	412;14
526	35;14
526	115;14
526	118;14
526	310;14
526	466;14
526	467;14
526	484;14
526	830;14
526	836;14
526	845;14
526	897;14
526	981;14
526	994;14
527	436;14
527	993;14
529	376;14
529	584;14
534	617;14
534	786;14
534	801;14
535	692;14
535	967;14
536	673;14
537	356;14
537	521;14
539	968;14
540	52;14
540	115;14
540	619;14
541	982;14
543	89;14
543	158;14
543	477;14
543	679;14
546	605;14
546	762;14
548	659;14
548	697;14
549	961;14
549	973;14
550	390;14
550	583;14
551	15;14
551	110;14
551	251;14
551	444;14
551	636;14
557	222;14
557	695;14
559	637;14
561	218;14
563	364;14
563	377;14
563	400;14
563	510;14
563	512;14
563	536;14
564	68;14
564	741;14
564	814;14
566	654;14
568	439;14
568	644;14
569	786;14
571	446;14
574	576;14
575	607;14
577	49;14
577	563;14
577	645;14
579	448;14
580	419;14
580	498;14
581	321;14
581	451;14
583	12;14
583	296;14
583	550;14
583	618;14
584	56;14
584	377;14
584	736;14
585	436;14
588	367;14
588	475;14
588	538;14
588	931;14
589	23;14
589	350;14
589	636;14
589	706;14
590	676;14
590	976;14
592	682;14
594	925;14
598	56;14
598	439;14
598	688;14
599	300;14
600	919;14
601	7;14
601	56;14
601	253;14
601	270;14
601	433;14
601	935;14
602	482;14
603	204;14
603	369;14
603	954;14
604	540;14
604	588;14
604	622;14
604	800;14
604	879;14
604	926;14
605	41;14
605	204;14
605	792;14
605	973;14
607	95;14
607	482;14
607	570;14
607	996;14
608	622;14
609	244;14
612	35;14
612	697;14
614	306;14
617	23;14
617	522;14
617	558;14
618	25;14
618	251;14
618	418;14
618	974;14
619	119;14
619	212;14
619	270;14
619	419;14
619	588;14
619	624;14
619	662;14
619	971;14
622	645;14
623	498;14
624	974;14
626	468;14
629	321;14
629	440;14
630	440;14
631	16;14
632	300;14
634	412;14
634	446;14
634	563;14
635	747;14
636	321;14
636	753;14
637	397;14
637	412;14
638	41;14
638	367;14
638	429;14
638	522;14
638	554;14
638	968;14
641	389;14
643	300;14
643	979;14
645	7;14
645	604;14
645	706;14
645	825;14
645	927;14
645	950;14
648	822;14
649	87;14
650	967;14
651	929;14
654	12;14
655	162;14
655	844;14
655	974;14
655	989;14
656	529;14
658	23;14
659	229;14
659	264;14
659	908;14
660	437;14
660	979;14
661	407;14
662	689;14
662	855;14
662	973;14
663	275;14
664	16;14
664	540;14
664	736;14
665	696;14
666	891;14
666	939;14
667	924;14
668	52;14
668	248;14
668	331;14
668	638;14
668	724;14
669	14;14
669	577;14
670	929;14
671	503;14
673	952;14
674	343;14
674	372;14
674	568;14
674	929;14
675	402;14
676	49;14
676	182;14
676	376;14
676	435;14
676	883;14
678	16;14
679	106;14
679	187;14
679	526;14
679	742;14
680	513;14
680	666;14
680	740;14
684	437;14
684	552;14
684	659;14
685	321;14
685	505;14
685	634;14
689	706;14
690	34;14
691	706;14
692	343;14
692	607;14
692	968;14
693	654;14
694	29;14
694	522;14
694	645;14
694	961;14
695	742;14
697	14;14
697	919;14
702	734;14
706	718;14
706	979;14
708	110;14
709	506;14
719	441;14
721	16;14
724	306;14
724	740;14
724	989;14
726	706;14
730	706;14
735	154;14
736	487;14
736	589;14
736	654;14
736	800;14
736	831;14
736	928;14
736	939;14
737	296;14
737	354;14
738	372;14
739	68;14
739	810;14
739	836;14
739	881;14
739	999;14
741	522;14
742	844;14
745	752;14
747	371;14
747	877;14
753	736;14
753	972;14
754	7;14
754	295;14
754	296;14
754	368;14
754	377;14
754	454;14
754	486;14
754	665;14
754	759;14
754	834;14
754	843;14
754	881;14
754	926;14
754	949;14
754	983;14
757	118;14
757	451;14
757	477;14
758	828;14
759	376;14
759	546;14
761	892;14
762	321;14
762	395;14
764	581;14
764	622;14
766	343;14
766	365;14
767	973;14
767	980;14
768	740;14
769	654;14
769	879;14
770	259;14
770	411;14
770	988;14
771	851;14
771	906;14
771	970;14
774	819;14
779	579;14
782	259;14
782	547;14
786	473;14
786	536;14
787	19;14
791	377;14
791	384;14
791	622;14
791	954;14
793	68;14
793	736;14
793	756;14
795	209;14
795	697;14
795	924;14
795	972;14
795	992;14
795	999;14
796	440;14
797	736;14
800	187;14
800	271;14
801	397;14
801	767;14
801	978;14
803	603;14
806	782;14
808	343;14
810	584;14
810	932;14
810	939;14
811	92;14
814	154;14
814	526;14
814	981;14
822	196;14
822	227;14
822	346;14
822	648;14
822	958;14
823	514;14
824	926;14
826	791;14
830	622;14
831	894;14
836	270;14
836	753;14
838	770;14
838	886;14
841	508;14
842	491;14
843	154;14
844	370;14
844	420;14
844	636;14
844	694;14
844	724;14
845	589;14
845	697;14
845	952;14
847	768;14
859	108;14
859	299;14
859	377;14
859	540;14
859	568;14
859	883;14
864	154;14
864	444;14
864	995;14
865	557;14
869	929;14
871	992;14
874	388;14
876	791;14
877	179;14
879	479;14
879	706;14
879	906;14
879	952;14
881	928;14
883	148;14
883	154;14
888	662;14
888	706;14
888	979;14
891	61;14
891	95;14
891	208;14
891	300;14
891	350;14
891	588;14
891	797;14
891	837;14
891	970;14
894	828;14
895	491;14
895	979;14
898	514;14
899	867;14
900	662;14
901	544;14
905	399;14
906	534;14
906	969;14
906	992;14
908	974;14
909	724;14
919	110;14
920	119;14
926	295;14
926	296;14
926	376;14
926	654;14
926	719;14
926	955;14
926	963;14
928	318;14
928	347;14
928	389;14
928	424;14
928	737;14
928	747;14
928	837;14
928	972;14
928	984;14
929	107;14
929	493;14
929	814;14
929	984;14
930	53;14
931	645;14
931	955;14
935	734;14
937	477;14
939	25;14
939	485;14
939	998;14
944	154;14
946	154;14
946	458;14
946	761;14
946	985;14
947	805;14
949	340;14
949	441;14
949	534;14
949	904;14
949	968;14
949	974;14
949	989;14
950	7;14
950	371;14
950	422;14
950	451;14
950	987;14
951	507;14
952	538;14
955	736;14
955	931;14
956	968;14
957	706;14
959	636;14
959	973;14
964	832;14
964	900;14
965	558;14
965	740;14
965	762;14
966	602;14
966	968;14
967	115;14
967	373;14
967	461;14
967	968;14
968	440;14
968	810;14
968	988;14
969	201;14
969	360;14
969	437;14
969	577;14
969	825;14
970	113;14
970	906;14
971	376;14
971	398;14
971	664;14
971	791;14
971	827;14
972	361;14
972	973;14
972	984;14
974	229;14
974	365;14
974	422;14
974	959;14
976	7;14
978	924;14
980	347;14
980	993;14
981	654;14
982	228;14
982	270;14
982	664;14
983	697;14
984	844;14
984	892;14
985	694;14
985	919;14
987	321;14
987	954;14
989	924;14
989	947;14
990	259;14
990	689;14
990	987;14
991	656;14
992	973;14
993	645;14
993	995;14
996	110;14
996	982;14
997	371;14
997	967;14
998	16;14
998	440;14
999	512;14
999	891;14
999	976;14
1000	259;14
