2	175;12
6	65;12
6	99;12
6	122;12
6	169;12
6	190;12
6	247;12
6	277;12
6	281;12
6	335;12
7	115;12
7	122;12
7	588;12
7	636;12
7	770;12
11	167;12
12	526;12
14	271;12
14	364;12
14	619;12
14	668;12
15	227;12
15	583;12
16	92;12
16	110;12
16	168;12
16	343;12
16	350;12
16	697;12
16	706;12
19	581;12
19	750;12
21	33;12
22	919;12
23	360;12
29	330;12
33	74;12
33	299;12
34	445;12
35	754;12
35	891;12
36	524;12
41	674;12
42	6;12
42	253;12
43	583;12
45	235;12
49	6;12
49	84;12
49	168;12
49	321;12
49	350;12
49	714;12
49	830;12
49	982;12
49	992;12
49	999;12
52	546;12
52	601;12
52	760;12
55	492;12
55	716;12
55	791;12
56	104;12
56	450;12
56	631;12
56	766;12
58	539;12
58	891;12
58	967;12
61	101;12
66	353;12
68	514;12
68	709;12
69	872;12
71	131;12
71	162;12
73	259;12
85	939;12
86	11;12
89	65;12
91	338;12
93	368;12
93	622;12
93	891;12
93	951;12
95	373;12
96	845;12
100	172;12
103	53;12
104	442;12
104	605;12
105	790;12
105	858;12
109	306;12
110	373;12
110	651;12
113	770;12
113	984;12
117	139;12
118	556;12
118	790;12
119	544;12
124	14;12
125	169;12
131	71;12
131	172;12
133	451;12
133	514;12
133	969;12
138	337;12
138	502;12
144	6;12
144	959;12
148	110;12
148	122;12
148	585;12
148	760;12
154	64;12
154	653;12
154	737;12
154	752;12
154	802;12
154	854;12
154	869;12
154	891;12
154	927;12
155	119;12
159	169;12
161	949;12
168	217;12
168	589;12
168	926;12
168	992;12
172	201;12
177	6;12
179	843;12
181	52;12
181	459;12
196	203;12
196	645;12
201	108;12
201	282;12
203	33;12
205	182;12
205	989;12
207	97;12
208	343;12
209	706;12
210	572;12
217	255;12
217	373;12
218	55;12
218	236;12
218	269;12
218	629;12
218	631;12
218	742;12
218	768;12
218	980;12
222	538;12
222	684;12
225	71;12
228	970;12
229	450;12
229	800;12
229	900;12
229	950;12
230	822;12
232	308;12
236	6;12
237	343;12
240	232;12
244	33;12
244	724;12
245	827;12
246	69;12
248	228;12
248	584;12
248	906;12
248	984;12
251	540;12
257	244;12
259	92;12
259	148;12
259	205;12
259	360;12
259	422;12
259	444;12
259	461;12
259	502;12
259	531;12
259	645;12
259	805;12
259	942;12
259	954;12
268	526;12
270	408;12
270	526;12
270	697;12
270	989;12
275	451;12
275	618;12
275	742;12
275	979;12
283	988;12
286	120;12
295	399;12
295	502;12
295	625;12
295	848;12
295	995;12
298	56;12
299	108;12
299	167;12
300	358;12
300	366;12
300	413;12
300	429;12
300	462;12
300	468;12
300	484;12
300	537;12
300	542;12
300	581;12
300	693;12
300	697;12
304	159;12
304	262;12
306	724;12
308	21;12
312	791;12
313	273;12
315	42;12
315	146;12
321	248;12
321	255;12
321	443;12
321	512;12
321	859;12
324	809;12
331	654;12
334	266;12
337	203;12
343	22;12
343	361;12
343	416;12
343	594;12
343	869;12
343	892;12
343	974;12
347	636;12
350	306;12
350	391;12
350	638;12
350	721;12
350	973;12
351	502;12
351	694;12
353	376;12
353	584;12
354	73;12
354	424;12
354	706;12
354	989;12
355	270;12
355	748;12
356	56;12
356	641;12
357	638;12
357	740;12
358	787;12
359	617;12
359	741;12
360	168;12
360	204;12
360	300;12
360	359;12
360	954;12
360	972;12
361	255;12
361	980;12
362	49;12
362	507;12
363	94;12
364	588;12
365	376;12
365	986;12
367	544;12
368	538;12
368	747;12
368	950;12
371	56;12
371	105;12
371	757;12
371	985;12
372	55;12
372	300;12
373	631;12
373	636;12
373	697;12
373	958;12
373	969;12
374	373;12
376	736;12
378	168;12
380	512;12
380	724;12
381	500;12
384	531;12
384	624;12
384	991;12
385	64;12
386	676;12
386	883;12
388	973;12
389	350;12
389	390;12
389	402;12
389	468;12
390	300;12
390	379;12
391	636;12
391	769;12
391	926;12
392	66;12
395	801;12
397	168;12
398	49;12
401	557;12
402	295;12
402	488;12
403	11;12
403	405;12
404	446;12
406	300;12
406	503;12
406	919;12
406	966;12
413	426;12
415	356;12
416	967;12
417	446;12
418	460;12
420	369;12
420	599;12
420	625;12
420	858;12
421	395;12
422	181;12
422	467;12
422	610;12
422	919;12
422	947;12
422	974;12
424	61;12
424	524;12
424	590;12
424	925;12
424	938;12
424	963;12
426	300;12
426	370;12
426	641;12
428	949;12
434	295;12
435	23;12
436	883;12
437	647;12
437	662;12
437	684;12
438	384;12
438	388;12
439	505;12
439	623;12
440	23;12
440	25;12
441	182;12
441	416;12
442	989;12
444	255;12
444	891;12
444	924;12
444	983;12
445	227;12
445	604;12
447	455;12
447	815;12
447	957;12
448	259;12
450	298;12
450	492;12
450	726;12
450	992;12
451	16;12
451	56;12
451	248;12
451	321;12
451	502;12
451	508;12
451	766;12
451	830;12
451	848;12
451	955;12
451	963;12
454	397;12
454	434;12
454	906;12
454	965;12
455	987;12
456	617;12
457	11;12
458	55;12
458	551;12
458	982;12
459	706;12
459	757;12
460	399;12
460	471;12
461	68;12
461	967;12
463	647;12
466	439;12
467	205;12
467	583;12
467	918;12
470	16;12
472	7;12
473	622;12
473	877;12
474	402;12
475	536;12
477	450;12
477	581;12
479	676;12
479	684;12
479	879;12
482	371;12
482	685;12
482	846;12
482	909;12
482	969;12
484	985;12
485	168;12
486	514;12
487	68;12
487	259;12
487	343;12
487	391;12
487	680;12
490	697;12
491	514;12
493	361;12
493	519;12
497	987;12
498	64;12
498	506;12
498	563;12
501	764;12
502	351;12
502	482;12
502	514;12
502	947;12
502	982;12
503	659;12
504	588;12
505	531;12
505	929;12
506	35;12
506	580;12
507	473;12
507	607;12
507	832;12
507	951;12
508	502;12
508	767;12
510	646;12
513	617;12
514	68;12
514	645;12
514	979;12
519	584;12
521	426;12
521	738;12
522	154;12
522	481;12
522	552;12
522	652;12
522	767;12
522	988;12
523	844;12
524	706;12
526	141;12
526	252;12
526	427;12
526	539;12
526	610;12
526	724;12
526	739;12
526	841;12
526	851;12
526	906;12
527	16;12
527	56;12
527	982;12
531	298;12
531	506;12
534	248;12
534	356;12
534	767;12
534	883;12
538	636;12
538	926;12
539	300;12
539	689;12
540	842;12
544	298;12
545	523;12
546	485;12
546	719;12
547	674;12
548	617;12
548	928;12
548	971;12
549	519;12
549	837;12
550	369;12
551	433;12
551	563;12
551	631;12
555	938;12
556	325;12
557	373;12
557	556;12
557	995;12
559	598;12
562	440;12
563	182;12
563	393;12
563	604;12
563	657;12
563	673;12
564	87;12
564	208;12
564	218;12
564	228;12
564	251;12
564	419;12
568	830;12
569	55;12
569	208;12
569	662;12
569	673;12
569	770;12
569	832;12
569	929;12
569	971;12
570	367;12
570	598;12
574	23;12
574	947;12
579	444;12
581	56;12
581	148;12
581	367;12
581	636;12
583	55;12
583	92;12
583	295;12
583	527;12
583	540;12
583	543;12
583	590;12
583	666;12
583	766;12
583	968;12
583	998;12
584	397;12
584	419;12
584	551;12
584	905;12
585	668;12
585	891;12
585	988;12
588	645;12
589	182;12
589	662;12
589	742;12
589	983;12
590	695;12
592	444;12
592	538;12
592	697;12
594	791;12
598	625;12
598	865;12
599	505;12
599	550;12
600	7;12
601	969;12
603	34;12
603	331;12
603	740;12
604	759;12
605	423;12
605	992;12
607	96;12
607	577;12
608	49;12
612	969;12
614	447;12
617	241;12
617	467;12
617	526;12
617	969;12
617	987;12
617	998;12
618	613;12
618	950;12
618	982;12
619	103;12
619	218;12
619	622;12
619	673;12
619	724;12
619	740;12
619	830;12
620	552;12
620	995;12
622	52;12
624	422;12
624	694;12
626	423;12
627	55;12
628	676;12
628	982;12
631	979;12
633	187;12
634	402;12
637	747;12
638	248;12
638	271;12
638	479;12
638	514;12
638	719;12
638	844;12
638	854;12
638	980;12
641	403;12
641	426;12
643	346;12
644	540;12
645	367;12
645	601;12
649	259;12
649	540;12
649	719;12
650	259;12
650	697;12
651	376;12
651	969;12
652	267;12
652	563;12
653	584;12
654	350;12
655	360;12
655	482;12
655	645;12
655	849;12
655	881;12
655	982;12
659	343;12
659	843;12
660	844;12
662	475;12
664	253;12
664	950;12
665	426;12
665	541;12
667	110;12
667	558;12
667	618;12
668	251;12
668	631;12
668	747;12
670	34;12
670	750;12
673	574;12
674	7;12
674	714;12
674	748;12
674	909;12
676	56;12
676	478;12
676	604;12
676	706;12
676	974;12
679	22;12
679	39;12
679	227;12
679	416;12
679	660;12
680	227;12
680	335;12
680	395;12
680	549;12
680	830;12
680	879;12
682	155;12
684	296;12
685	369;12
685	577;12
687	919;12
688	531;12
689	58;12
689	416;12
689	588;12
689	929;12
692	433;12
694	110;12
694	482;12
694	535;12
694	979;12
694	983;12
695	26;12
695	437;12
697	87;12
697	378;12
714	625;12
719	92;12
719	845;12
723	706;12
724	259;12
724	441;12
736	19;12
736	376;12
736	436;12
736	488;12
736	584;12
736	949;12
736	971;12
736	978;12
736	988;12
737	347;12
738	768;12
738	919;12
739	52;12
740	526;12
740	689;12
742	588;12
742	851;12
742	984;12
743	964;12
747	451;12
747	552;12
754	16;12
754	343;12
754	374;12
754	384;12
754	419;12
754	458;12
754	506;12
754	544;12
754	605;12
754	618;12
754	661;12
754	666;12
754	763;12
754	813;12
755	23;12
755	259;12
756	622;12
756	989;12
757	697;12
757	909;12
758	791;12
759	110;12
759	218;12
759	992;12
766	767;12
766	806;12
767	583;12
767	689;12
767	987;12
768	954;12
770	568;12
770	607;12
770	982;12
781	155;12
781	692;12
786	813;12
789	491;12
789	645;12
791	648;12
791	736;12
791	746;12
791	806;12
791	879;12
793	943;12
795	23;12
795	321;12
795	719;12
795	848;12
795	995;12
797	955;12
800	629;12
800	967;12
800	992;12
801	443;12
801	638;12
801	999;12
805	930;12
810	754;12
814	706;12
815	617;12
816	154;12
816	697;12
822	318;12
822	774;12
825	920;12
825	954;12
825	955;12
827	588;12
830	7;12
830	295;12
831	928;12
832	841;12
836	148;12
836	227;12
836	827;12
837	654;12
842	540;12
842	844;12
844	373;12
844	845;12
845	68;12
845	367;12
845	493;12
845	689;12
845	706;12
847	255;12
847	583;12
848	925;12
851	791;12
851	862;12
852	697;12
855	154;12
859	974;12
862	588;12
864	493;12
864	602;12
879	636;12
883	113;12
883	206;12
883	436;12
883	448;12
884	806;12
887	527;12
889	186;12
891	7;12
891	19;12
891	547;12
891	689;12
891	968;12
896	755;12
897	16;12
898	14;12
900	972;12
903	793;12
905	919;12
905	932;12
905	947;12
906	148;12
906	168;12
906	514;12
906	645;12
906	929;12
908	11;12
908	574;12
908	891;12
909	482;12
916	513;12
916	856;12
919	493;12
919	636;12
920	879;12
921	924;12
923	939;12
924	466;12
924	697;12
924	989;12
926	23;12
926	408;12
926	508;12
926	896;12
928	23;12
928	32;12
928	123;12
928	252;12
928	332;12
928	334;12
928	534;12
928	576;12
928	679;12
928	695;12
928	769;12
931	706;12
932	246;12
932	454;12
937	119;12
939	514;12
939	706;12
939	846;12
940	706;12
947	56;12
947	895;12
947	988;12
949	510;12
949	607;12
949	636;12
949	651;12
949	692;12
949	769;12
949	804;12
949	881;12
949	895;12
949	973;12
950	58;12
950	110;12
950	527;12
950	967;12
952	7;12
955	118;12
955	372;12
955	641;12
956	645;12
957	376;12
957	982;12
958	759;12
959	251;12
959	376;12
959	548;12
959	736;12
959	947;12
963	988;12
964	463;12
965	92;12
965	306;12
965	706;12
965	767;12
965	955;12
966	204;12
966	540;12
966	588;12
966	786;12
967	359;12
967	588;12
967	668;12
967	989;12
967	992;12
967	995;12
968	706;12
969	655;12
969	947;12
970	382;12
970	827;12
971	467;12
971	926;12
971	972;12
972	115;12
972	968;12
974	183;12
974	470;12
974	581;12
974	908;12
976	887;12
977	255;12
978	168;12
979	421;12
979	736;12
981	926;12
982	954;12
983	424;12
983	440;12
985	7;12
985	656;12
988	92;12
988	94;12
988	113;12
988	248;12
988	376;12
988	919;12
989	227;12
989	622;12
989	757;12
989	762;12
990	684;12
990	967;12
991	384;12
991	680;12
991	949;12
991	982;12
992	719;12
994	493;12
994	503;12
994	925;12
995	374;12
995	724;12
995	844;12
997	670;12
999	577;12
999	770;12
999	832;12
1000	451;12
1000	926;12
