6	51;5
6	56;5
6	132;5
6	155;5
6	179;5
6	243;5
6	267;5
6	268;5
6	272;5
6	304;5
7	148;5
7	296;5
7	924;5
7	929;5
11	860;5
11	979;5
12	34;5
14	182;5
15	964;5
16	115;5
16	440;5
16	989;5
18	41;5
18	526;5
19	787;5
21	220;5
21	317;5
22	338;5
25	747;5
29	75;5
32	982;5
33	21;5
34	588;5
34	618;5
34	926;5
35	411;5
36	306;5
41	161;5
42	149;5
43	23;5
48	120;5
49	106;5
49	416;5
49	419;5
49	679;5
49	762;5
49	827;5
49	938;5
49	976;5
52	361;5
52	894;5
52	990;5
52	992;5
55	4;5
55	6;5
55	145;5
55	321;5
55	349;5
55	360;5
55	408;5
55	482;5
55	904;5
55	906;5
55	973;5
56	92;5
56	321;5
56	527;5
56	601;5
56	604;5
56	759;5
58	92;5
61	999;5
64	586;5
68	883;5
69	33;5
71	225;5
73	697;5
74	100;5
74	273;5
74	282;5
84	636;5
84	724;5
85	800;5
89	113;5
90	153;5
93	947;5
95	754;5
96	800;5
98	514;5
103	697;5
104	124;5
104	601;5
104	617;5
104	638;5
104	800;5
104	895;5
104	949;5
104	979;5
105	85;5
105	714;5
108	74;5
110	218;5
110	466;5
111	327;5
113	89;5
113	526;5
113	763;5
113	883;5
115	984;5
118	6;5
118	202;5
118	909;5
119	298;5
119	331;5
119	622;5
119	797;5
121	6;5
124	939;5
133	940;5
137	946;5
142	938;5
145	583;5
148	133;5
148	419;5
149	233;5
149	301;5
149	304;5
154	833;5
154	845;5
154	872;5
154	944;5
154	946;5
157	97;5
159	121;5
162	100;5
165	361;5
165	590;5
165	928;5
168	631;5
172	338;5
179	833;5
181	84;5
182	119;5
182	371;5
183	147;5
187	919;5
196	172;5
196	636;5
197	55;5
202	68;5
202	255;5
203	210;5
203	244;5
203	256;5
204	104;5
204	115;5
204	622;5
205	350;5
206	736;5
209	515;5
209	639;5
209	987;5
210	68;5
210	165;5
210	232;5
212	931;5
217	764;5
217	891;5
218	350;5
218	814;5
218	842;5
218	978;5
222	588;5
222	906;5
223	269;5
227	251;5
227	604;5
227	740;5
228	800;5
228	993;5
229	266;5
229	604;5
229	638;5
229	845;5
237	42;5
238	292;5
244	282;5
244	317;5
248	321;5
248	968;5
248	991;5
251	398;5
251	706;5
253	261;5
257	167;5
258	6;5
259	74;5
259	145;5
259	168;5
259	197;5
259	386;5
259	415;5
259	448;5
259	466;5
259	738;5
259	742;5
259	752;5
259	769;5
259	883;5
261	663;5
266	124;5
270	636;5
270	869;5
271	6;5
275	737;5
276	980;5
280	304;5
283	350;5
293	82;5
293	330;5
296	638;5
299	203;5
300	210;5
300	361;5
300	362;5
300	410;5
300	450;5
300	482;5
300	483;5
300	491;5
300	524;5
300	546;5
300	563;5
300	578;5
300	629;5
300	688;5
305	969;5
308	100;5
308	162;5
315	149;5
321	137;5
321	245;5
321	350;5
321	373;5
321	374;5
321	406;5
321	450;5
321	558;5
321	568;5
321	691;5
321	754;5
330	100;5
330	203;5
330	244;5
331	374;5
331	609;5
331	697;5
332	540;5
332	747;5
337	330;5
340	311;5
343	18;5
343	92;5
343	122;5
343	167;5
343	220;5
343	267;5
343	363;5
343	373;5
343	377;5
343	423;5
343	454;5
343	624;5
343	655;5
343	668;5
343	742;5
343	905;5
344	990;5
346	822;5
347	334;5
347	989;5
349	535;5
349	671;5
350	645;5
350	676;5
350	983;5
351	300;5
351	770;5
354	357;5
356	568;5
356	654;5
357	95;5
357	590;5
358	366;5
358	505;5
358	625;5
359	23;5
359	255;5
360	155;5
360	212;5
360	482;5
360	491;5
360	529;5
360	645;5
360	947;5
361	25;5
361	110;5
365	187;5
366	358;5
367	56;5
367	531;5
367	563;5
368	697;5
369	259;5
369	988;5
371	356;5
371	925;5
371	926;5
371	967;5
372	531;5
372	738;5
373	110;5
373	267;5
374	391;5
380	87;5
380	662;5
380	800;5
381	582;5
382	540;5
383	574;5
383	853;5
384	454;5
384	563;5
384	714;5
385	446;5
386	493;5
386	682;5
388	110;5
388	514;5
388	924;5
389	343;5
389	593;5
390	407;5
390	477;5
391	360;5
391	486;5
397	552;5
398	697;5
399	321;5
399	947;5
401	965;5
402	92;5
402	377;5
402	419;5
402	452;5
403	355;5
403	439;5
403	521;5
407	402;5
407	404;5
408	110;5
408	353;5
410	865;5
411	931;5
412	229;5
415	259;5
415	1000;5
416	87;5
417	389;5
417	684;5
418	49;5
418	218;5
418	448;5
418	968;5
418	982;5
418	995;5
419	844;5
421	306;5
421	424;5
421	670;5
422	246;5
422	295;5
422	482;5
422	575;5
422	757;5
422	836;5
423	557;5
424	227;5
424	440;5
424	526;5
424	563;5
424	714;5
424	830;5
424	964;5
424	999;5
426	403;5
427	196;5
428	339;5
437	49;5
437	87;5
437	369;5
437	697;5
438	94;5
438	343;5
439	625;5
440	115;5
440	388;5
440	562;5
442	546;5
443	845;5
444	487;5
444	499;5
444	837;5
447	600;5
448	7;5
448	517;5
450	104;5
450	759;5
450	982;5
451	25;5
451	92;5
451	500;5
451	678;5
451	925;5
451	976;5
453	461;5
455	35;5
455	557;5
456	549;5
457	560;5
459	926;5
466	622;5
467	270;5
467	925;5
468	11;5
468	516;5
470	110;5
470	602;5
470	622;5
470	892;5
472	645;5
473	300;5
473	451;5
473	552;5
473	583;5
473	836;5
474	506;5
475	477;5
475	973;5
477	551;5
477	563;5
477	584;5
477	748;5
478	995;5
479	251;5
479	361;5
479	374;5
479	600;5
479	926;5
480	300;5
482	251;5
482	343;5
482	434;5
483	489;5
484	507;5
485	95;5
486	343;5
486	949;5
487	513;5
488	621;5
490	66;5
490	647;5
491	37;5
491	641;5
492	664;5
492	935;5
493	724;5
493	747;5
494	644;5
495	354;5
499	357;5
502	343;5
502	356;5
502	557;5
502	584;5
502	740;5
502	940;5
502	980;5
503	300;5
503	529;5
506	407;5
507	761;5
507	877;5
508	568;5
510	300;5
511	673;5
512	300;5
512	706;5
512	999;5
514	588;5
514	674;5
516	389;5
516	468;5
517	448;5
517	527;5
518	697;5
519	122;5
519	343;5
519	556;5
522	124;5
522	344;5
522	354;5
522	477;5
522	531;5
522	966;5
523	49;5
523	399;5
526	106;5
526	187;5
526	248;5
526	581;5
526	654;5
526	768;5
526	964;5
527	335;5
529	34;5
529	887;5
534	206;5
534	296;5
534	684;5
534	697;5
535	948;5
537	400;5
537	641;5
538	618;5
539	888;5
539	974;5
540	305;5
540	478;5
540	546;5
542	445;5
543	697;5
543	719;5
544	869;5
546	983;5
548	390;5
548	635;5
548	950;5
549	49;5
549	255;5
549	507;5
550	598;5
551	87;5
551	227;5
551	440;5
551	645;5
551	722;5
551	984;5
552	506;5
557	227;5
557	498;5
557	645;5
557	929;5
559	295;5
563	468;5
563	499;5
563	511;5
563	546;5
563	572;5
564	241;5
564	617;5
564	645;5
564	841;5
567	425;5
569	451;5
569	534;5
569	539;5
569	636;5
575	583;5
575	697;5
576	563;5
577	498;5
577	568;5
577	999;5
581	584;5
581	884;5
583	16;5
583	25;5
583	182;5
583	259;5
583	359;5
583	737;5
583	757;5
583	770;5
583	972;5
584	454;5
584	687;5
584	968;5
585	697;5
585	810;5
585	832;5
586	865;5
588	84;5
588	306;5
588	380;5
588	424;5
588	762;5
589	92;5
589	607;5
589	695;5
590	340;5
592	792;5
593	300;5
596	7;5
598	498;5
598	523;5
601	14;5
601	87;5
601	368;5
601	388;5
603	39;5
603	115;5
603	358;5
603	758;5
604	168;5
604	526;5
604	995;5
605	300;5
605	388;5
605	924;5
605	935;5
607	129;5
607	248;5
607	448;5
607	469;5
607	493;5
607	689;5
609	759;5
612	374;5
612	440;5
612	968;5
617	39;5
617	203;5
617	895;5
617	938;5
617	991;5
619	56;5
619	73;5
619	105;5
619	227;5
619	542;5
619	569;5
619	810;5
619	836;5
619	900;5
619	985;5
620	331;5
621	968;5
622	674;5
622	815;5
623	218;5
624	619;5
625	295;5
625	407;5
626	598;5
628	296;5
628	526;5
629	535;5
629	978;5
630	343;5
630	412;5
630	865;5
631	551;5
631	636;5
631	974;5
634	209;5
636	502;5
636	757;5
636	968;5
638	227;5
638	477;5
638	487;5
638	924;5
638	935;5
638	971;5
638	978;5
638	992;5
639	209;5
640	747;5
645	228;5
645	440;5
645	679;5
645	714;5
645	755;5
645	815;5
646	461;5
650	766;5
651	251;5
651	684;5
652	418;5
652	499;5
655	133;5
655	416;5
655	753;5
655	993;5
656	547;5
657	300;5
659	350;5
659	609;5
659	928;5
662	23;5
662	196;5
662	351;5
662	950;5
664	454;5
665	295;5
665	414;5
665	624;5
666	509;5
668	696;5
668	766;5
670	740;5
671	581;5
673	654;5
674	979;5
675	438;5
676	444;5
676	574;5
676	919;5
677	668;5
679	527;5
679	926;5
680	54;5
680	118;5
680	367;5
680	590;5
680	607;5
680	636;5
684	406;5
684	490;5
684	619;5
684	736;5
684	904;5
684	919;5
684	972;5
685	397;5
685	426;5
685	434;5
685	474;5
687	49;5
687	830;5
688	598;5
689	451;5
689	558;5
689	764;5
690	300;5
690	507;5
694	11;5
694	414;5
694	531;5
694	679;5
694	971;5
696	506;5
697	25;5
697	954;5
698	717;5
706	7;5
706	712;5
708	343;5
709	844;5
715	87;5
716	926;5
719	534;5
724	52;5
724	115;5
724	227;5
724	706;5
724	811;5
736	122;5
736	171;5
736	283;5
736	415;5
736	479;5
736	529;5
736	836;5
736	845;5
738	420;5
738	438;5
738	547;5
738	958;5
739	526;5
739	979;5
739	984;5
740	7;5
740	87;5
740	168;5
740	768;5
741	959;5
742	969;5
743	843;5
746	782;5
747	118;5
747	172;5
747	527;5
752	791;5
752	881;5
753	771;5
753	851;5
754	11;5
754	21;5
754	182;5
754	408;5
754	468;5
754	526;5
754	588;5
754	621;5
754	724;5
754	747;5
754	858;5
754	897;5
754	971;5
756	811;5
757	106;5
759	989;5
761	154;5
763	822;5
764	58;5
766	362;5
767	919;5
767	949;5
769	34;5
769	133;5
769	859;5
769	954;5
770	897;5
775	850;5
775	878;5
778	773;5
782	958;5
786	569;5
786	645;5
786	928;5
787	958;5
789	154;5
789	968;5
793	903;5
795	631;5
795	949;5
797	154;5
798	544;5
799	13;5
800	104;5
800	181;5
800	204;5
800	227;5
800	649;5
801	360;5
801	458;5
801	865;5
801	954;5
802	391;5
803	514;5
805	343;5
806	96;5
806	118;5
806	259;5
806	754;5
806	881;5
808	422;5
810	227;5
810	451;5
810	655;5
813	154;5
814	375;5
814	602;5
814	973;5
815	154;5
815	278;5
815	529;5
815	607;5
815	692;5
825	154;5
825	244;5
825	985;5
827	373;5
827	874;5
827	997;5
830	25;5
831	926;5
834	951;5
836	154;5
836	995;5
838	697;5
841	502;5
842	638;5
842	662;5
842	924;5
843	227;5
843	988;5
844	742;5
844	929;5
844	935;5
845	35;5
845	501;5
845	676;5
850	735;5
851	988;5
853	154;5
854	754;5
859	399;5
861	638;5
861	706;5
861	742;5
862	526;5
864	618;5
864	925;5
864	971;5
865	414;5
869	473;5
874	115;5
874	831;5
877	388;5
878	752;5
879	343;5
879	605;5
881	736;5
881	808;5
886	791;5
887	604;5
887	724;5
888	954;5
891	109;5
891	145;5
891	205;5
891	428;5
891	440;5
891	512;5
891	544;5
891	577;5
891	645;5
891	663;5
891	724;5
891	823;5
891	939;5
891	951;5
892	227;5
897	954;5
897	982;5
898	350;5
900	229;5
900	376;5
900	636;5
900	697;5
900	859;5
904	535;5
905	335;5
905	938;5
905	969;5
906	367;5
906	830;5
906	869;5
906	946;5
909	248;5
909	674;5
909	963;5
911	49;5
911	154;5
911	629;5
915	954;5
917	218;5
920	825;5
924	113;5
924	295;5
926	306;5
926	742;5
926	988;5
928	302;5
928	371;5
928	479;5
928	601;5
928	617;5
928	636;5
928	842;5
928	855;5
928	879;5
928	964;5
929	498;5
929	750;5
931	851;5
931	859;5
932	635;5
935	353;5
935	702;5
937	154;5
938	378;5
938	851;5
939	55;5
939	576;5
939	853;5
939	923;5
945	440;5
946	502;5
946	568;5
947	440;5
947	926;5
947	989;5
949	14;5
949	546;5
949	762;5
949	764;5
949	869;5
949	948;5
950	376;5
950	645;5
950	862;5
952	969;5
953	863;5
954	929;5
959	461;5
959	507;5
959	695;5
959	964;5
963	909;5
965	154;5
965	227;5
965	388;5
965	830;5
966	697;5
967	275;5
969	7;5
969	165;5
969	830;5
969	848;5
969	877;5
969	981;5
970	14;5
970	548;5
970	603;5
971	259;5
971	360;5
971	548;5
973	827;5
974	743;5
974	971;5
975	611;5
976	321;5
977	259;5
977	789;5
979	451;5
980	514;5
980	989;5
982	581;5
983	800;5
984	390;5
985	830;5
987	15;5
987	52;5
987	600;5
987	695;5
987	841;5
987	976;5
988	68;5
988	995;5
989	52;5
990	361;5
996	305;5
997	16;5
997	664;5
997	695;5
997	853;5
998	229;5
998	601;5
998	931;5
998	957;5
998	972;5
999	359;5
999	522;5
999	668;5
999	739;5
999	987;5
