1	9;18
2	662;18
2	983;18
4	55;18
6	29;18
6	31;18
6	39;18
6	55;18
6	60;18
6	90;18
6	112;18
6	137;18
6	139;18
6	158;18
6	198;18
6	242;18
6	248;18
6	315;18
6	327;18
6	340;18
6	346;18
7	56;18
7	538;18
7	883;18
7	976;18
11	16;18
11	218;18
11	222;18
11	438;18
12	259;18
12	662;18
14	368;18
14	493;18
14	970;18
15	49;18
15	255;18
15	982;18
16	969;18
21	313;18
21	325;18
23	830;18
24	6;18
25	37;18
25	218;18
25	815;18
34	422;18
34	670;18
38	422;18
43	422;18
43	680;18
48	287;18
49	259;18
49	270;18
49	385;18
49	451;18
49	502;18
49	531;18
49	584;18
49	598;18
49	984;18
49	990;18
52	510;18
52	993;18
55	68;18
55	307;18
55	407;18
55	534;18
55	549;18
55	636;18
55	952;18
55	976;18
56	101;18
56	227;18
56	229;18
56	391;18
56	439;18
56	446;18
56	448;18
56	493;18
56	883;18
58	55;18
58	747;18
64	498;18
66	622;18
71	169;18
86	982;18
87	727;18
88	113;18
88	321;18
92	684;18
92	995;18
93	245;18
93	954;18
94	424;18
95	155;18
95	535;18
95	697;18
95	851;18
98	909;18
100	169;18
103	859;18
105	622;18
106	942;18
108	201;18
110	972;18
111	968;18
115	154;18
115	972;18
118	771;18
118	895;18
119	226;18
119	227;18
119	390;18
119	759;18
124	55;18
124	971;18
125	330;18
128	266;18
136	583;18
136	906;18
147	210;18
147	630;18
148	115;18
148	306;18
148	544;18
148	676;18
148	689;18
152	280;18
154	767;18
154	824;18
154	827;18
154	859;18
154	899;18
154	951;18
154	963;18
155	14;18
155	35;18
155	49;18
155	87;18
155	182;18
155	522;18
155	618;18
157	147;18
159	178;18
165	338;18
167	140;18
168	993;18
170	120;18
171	467;18
179	346;18
179	931;18
181	119;18
181	331;18
183	475;18
183	906;18
197	92;18
202	697;18
203	186;18
204	248;18
205	15;18
208	136;18
208	557;18
210	162;18
210	724;18
210	851;18
212	343;18
213	314;18
217	107;18
217	350;18
218	14;18
218	19;18
218	441;18
218	546;18
218	583;18
218	614;18
218	647;18
218	678;18
218	987;18
218	988;18
221	84;18
222	440;18
225	6;18
225	201;18
227	55;18
227	204;18
227	212;18
227	622;18
227	919;18
227	926;18
228	229;18
228	388;18
229	55;18
229	155;18
229	624;18
237	90;18
237	662;18
239	6;18
240	244;18
246	872;18
248	68;18
248	115;18
248	631;18
248	736;18
248	950;18
251	35;18
251	581;18
252	955;18
255	49;18
255	416;18
259	19;18
259	228;18
259	349;18
259	371;18
259	378;18
259	388;18
259	407;18
259	495;18
259	692;18
259	972;18
259	978;18
259	982;18
259	994;18
259	1000;18
261	93;18
261	258;18
261	996;18
268	795;18
268	929;18
269	416;18
270	343;18
270	679;18
271	827;18
275	479;18
275	695;18
275	724;18
275	770;18
276	275;18
280	149;18
293	6;18
293	29;18
293	100;18
293	325;18
295	407;18
295	563;18
296	647;18
296	879;18
298	619;18
299	162;18
299	330;18
300	202;18
300	347;18
300	469;18
300	471;18
300	480;18
300	504;18
300	509;18
300	562;18
300	595;18
300	687;18
301	6;18
301	42;18
306	36;18
313	75;18
313	221;18
314	263;18
315	267;18
317	29;18
317	240;18
318	94;18
321	61;18
321	368;18
321	444;18
321	740;18
321	942;18
321	960;18
321	982;18
330	21;18
330	220;18
330	232;18
331	181;18
332	6;18
332	182;18
334	96;18
335	168;18
335	988;18
338	169;18
343	7;18
343	104;18
343	137;18
343	140;18
343	208;18
343	325;18
343	355;18
343	458;18
343	459;18
343	602;18
343	815;18
343	844;18
343	955;18
343	967;18
343	991;18
343	995;18
344	999;18
345	104;18
347	584;18
347	737;18
350	458;18
350	576;18
350	604;18
350	664;18
350	844;18
352	436;18
353	723;18
354	87;18
354	101;18
354	255;18
356	666;18
357	154;18
358	685;18
360	43;18
360	577;18
360	807;18
361	270;18
361	527;18
361	967;18
362	227;18
362	229;18
362	931;18
363	16;18
363	671;18
364	104;18
367	11;18
368	110;18
368	540;18
368	664;18
368	670;18
368	978;18
369	255;18
369	300;18
369	685;18
370	614;18
371	16;18
371	87;18
371	101;18
371	440;18
371	451;18
371	607;18
371	635;18
371	972;18
373	498;18
373	622;18
373	967;18
373	995;18
374	331;18
374	759;18
374	958;18
375	770;18
378	340;18
378	654;18
379	506;18
380	55;18
380	255;18
383	386;18
383	546;18
383	676;18
383	971;18
384	584;18
384	844;18
385	295;18
386	437;18
386	544;18
387	505;18
388	429;18
390	227;18
390	468;18
390	550;18
390	714;18
391	34;18
391	118;18
391	654;18
391	968;18
393	500;18
395	770;18
396	770;18
397	300;18
397	474;18
398	98;18
398	119;18
398	251;18
398	584;18
399	471;18
399	648;18
401	300;18
401	514;18
401	919;18
402	482;18
402	505;18
402	584;18
402	665;18
402	675;18
406	969;18
407	426;18
408	450;18
411	676;18
412	407;18
413	598;18
415	420;18
415	659;18
416	269;18
416	563;18
417	420;18
417	995;18
418	25;18
418	155;18
419	7;18
420	37;18
420	439;18
421	593;18
422	23;18
422	110;18
422	388;18
422	417;18
422	897;18
424	52;18
424	564;18
424	645;18
426	397;18
426	466;18
426	688;18
430	473;18
433	526;18
435	227;18
435	538;18
435	622;18
437	841;18
437	844;18
437	995;18
439	506;18
440	110;18
440	391;18
440	628;18
440	671;18
440	724;18
440	909;18
440	947;18
442	110;18
444	181;18
444	558;18
444	695;18
444	864;18
445	988;18
446	387;18
446	568;18
447	832;18
447	998;18
448	298;18
450	14;18
450	22;18
450	87;18
450	711;18
451	568;18
451	662;18
451	685;18
451	841;18
451	1000;18
452	505;18
454	343;18
454	508;18
454	577;18
455	979;18
456	228;18
457	300;18
458	359;18
458	435;18
458	479;18
458	522;18
458	601;18
458	959;18
459	23;18
466	300;18
466	426;18
466	618;18
466	987;18
467	85;18
467	168;18
467	378;18
467	422;18
467	832;18
467	970;18
467	982;18
468	642;18
473	515;18
473	601;18
475	968;18
477	118;18
477	488;18
477	538;18
477	592;18
478	961;18
479	388;18
479	739;18
479	757;18
482	544;18
482	896;18
482	971;18
486	538;18
487	534;18
487	984;18
489	300;18
490	306;18
490	390;18
491	92;18
491	844;18
493	218;18
493	479;18
493	491;18
493	631;18
493	864;18
493	989;18
493	992;18
495	39;18
495	259;18
498	412;18
498	446;18
498	928;18
502	118;18
502	385;18
502	654;18
502	909;18
502	927;18
503	371;18
503	671;18
503	795;18
505	468;18
506	400;18
506	623;18
507	371;18
507	946;18
508	356;18
509	407;18
510	255;18
510	395;18
510	822;18
510	924;18
512	61;18
512	925;18
514	614;18
516	567;18
519	251;18
519	255;18
519	458;18
522	43;18
522	61;18
522	104;18
522	217;18
522	259;18
522	408;18
522	475;18
522	684;18
522	874;18
522	887;18
522	904;18
522	999;18
526	26;18
526	34;18
526	154;18
526	283;18
526	368;18
526	377;18
526	397;18
526	416;18
526	519;18
526	564;18
526	631;18
526	635;18
526	651;18
526	706;18
526	757;18
526	926;18
529	538;18
529	932;18
531	689;18
531	706;18
534	7;18
534	104;18
534	321;18
534	604;18
534	639;18
534	673;18
534	692;18
534	719;18
534	872;18
535	617;18
535	754;18
536	786;18
538	343;18
539	764;18
540	490;18
540	531;18
542	638;18
543	26;18
543	327;18
543	447;18
544	270;18
544	408;18
546	897;18
549	645;18
549	689;18
550	407;18
550	521;18
550	736;18
551	155;18
551	204;18
551	493;18
551	604;18
551	689;18
552	56;18
552	474;18
552	967;18
557	148;18
557	558;18
557	679;18
557	883;18
559	550;18
562	631;18
563	363;18
563	389;18
563	416;18
563	516;18
563	559;18
563	610;18
563	949;18
564	539;18
564	584;18
568	395;18
569	92;18
569	440;18
569	622;18
569	697;18
576	757;18
576	925;18
577	620;18
577	888;18
581	270;18
581	350;18
581	527;18
581	541;18
583	133;18
583	300;18
583	436;18
583	473;18
583	477;18
583	539;18
583	548;18
583	577;18
583	588;18
583	617;18
583	645;18
583	695;18
583	719;18
583	955;18
583	973;18
583	981;18
584	391;18
584	398;18
584	451;18
585	343;18
589	115;18
589	461;18
589	601;18
589	844;18
589	961;18
590	583;18
591	374;18
591	436;18
594	371;18
598	426;18
598	599;18
598	665;18
599	521;18
599	625;18
600	115;18
601	998;18
602	118;18
603	63;18
603	113;18
603	185;18
603	349;18
604	270;18
604	680;18
604	740;18
604	754;18
604	954;18
605	389;18
607	391;18
607	522;18
607	539;18
607	551;18
607	918;18
611	300;18
612	974;18
612	998;18
617	909;18
617	925;18
617	982;18
618	539;18
618	815;18
618	978;18
619	754;18
619	862;18
619	980;18
620	461;18
622	321;18
622	343;18
622	540;18
624	255;18
625	384;18
625	420;18
626	420;18
626	521;18
628	512;18
629	7;18
630	697;18
631	451;18
631	645;18
633	305;18
633	321;18
633	929;18
635	305;18
636	952;18
638	380;18
638	529;18
638	588;18
638	974;18
638	993;18
639	521;18
641	414;18
644	300;18
645	447;18
645	577;18
645	621;18
645	972;18
650	759;18
651	697;18
652	218;18
654	367;18
654	786;18
654	968;18
655	110;18
655	622;18
655	991;18
657	679;18
657	697;18
660	110;18
660	403;18
660	531;18
662	350;18
662	463;18
662	526;18
662	546;18
662	724;18
662	764;18
662	974;18
662	995;18
664	343;18
664	607;18
664	926;18
665	56;18
665	377;18
665	521;18
665	995;18
667	300;18
668	558;18
668	969;18
669	900;18
670	259;18
670	697;18
674	56;18
674	531;18
676	148;18
676	522;18
676	538;18
678	638;18
679	823;18
680	673;18
680	952;18
684	92;18
684	237;18
684	255;18
684	554;18
684	990;18
685	343;18
685	399;18
687	641;18
689	514;18
689	527;18
689	919;18
689	979;18
690	924;18
692	754;18
694	22;18
694	255;18
694	295;18
694	502;18
694	919;18
695	118;18
695	241;18
695	754;18
695	971;18
695	987;18
697	373;18
697	645;18
697	724;18
701	87;18
708	984;18
711	702;18
712	87;18
714	801;18
717	715;18
719	734;18
722	255;18
724	458;18
724	764;18
736	36;18
736	96;18
736	107;18
736	753;18
736	984;18
736	985;18
738	148;18
738	521;18
739	791;18
740	16;18
740	270;18
740	416;18
740	739;18
740	994;18
741	654;18
741	891;18
742	398;18
745	850;18
747	680;18
748	16;18
748	376;18
748	521;18
753	154;18
753	968;18
754	96;18
754	533;18
754	576;18
754	847;18
754	973;18
757	298;18
757	822;18
759	740;18
759	984;18
760	16;18
761	622;18
761	662;18
762	373;18
766	377;18
767	440;18
767	522;18
767	766;18
768	227;18
768	306;18
769	71;18
769	154;18
770	7;18
770	388;18
770	443;18
770	739;18
771	837;18
773	793;18
783	154;18
786	7;18
787	791;18
789	568;18
790	399;18
791	487;18
791	925;18
793	816;18
795	35;18
795	248;18
795	367;18
795	466;18
795	522;18
798	963;18
801	49;18
802	430;18
805	118;18
808	894;18
813	534;18
814	949;18
820	154;18
822	154;18
823	954;18
825	7;18
828	885;18
830	321;18
830	355;18
830	967;18
831	373;18
831	791;18
833	154;18
834	187;18
834	879;18
836	248;18
836	959;18
838	544;18
840	816;18
842	622;18
842	706;18
844	138;18
844	384;18
844	571;18
844	593;18
844	861;18
845	218;18
845	416;18
845	770;18
845	842;18
846	557;18
847	154;18
850	899;18
858	605;18
859	133;18
859	220;18
859	313;18
859	373;18
859	514;18
859	581;18
859	714;18
861	321;18
861	961;18
862	259;18
864	477;18
869	388;18
869	526;18
869	845;18
874	501;18
876	154;18
877	507;18
877	519;18
877	563;18
879	603;18
879	920;18
883	87;18
883	261;18
884	697;18
888	55;18
891	6;18
891	203;18
891	204;18
891	298;18
891	335;18
891	357;18
891	359;18
891	429;18
891	563;18
891	665;18
891	666;18
891	692;18
891	815;18
891	965;18
891	966;18
893	347;18
894	874;18
895	306;18
895	461;18
897	931;18
898	16;18
898	961;18
899	850;18
900	295;18
900	965;18
904	433;18
905	830;18
905	987;18
906	399;18
906	925;18
908	978;18
911	697;18
911	885;18
924	631;18
925	457;18
925	622;18
926	356;18
926	395;18
926	566;18
926	569;18
926	724;18
926	989;18
928	41;18
928	87;18
928	300;18
928	421;18
928	428;18
928	624;18
928	642;18
928	800;18
928	808;18
928	931;18
928	961;18
928	995;18
928	997;18
929	321;18
931	259;18
931	440;18
935	306;18
935	426;18
935	601;18
936	154;18
937	706;18
938	7;18
939	636;18
939	790;18
939	862;18
939	919;18
944	61;18
946	182;18
946	388;18
947	482;18
949	26;18
949	101;18
949	204;18
949	305;18
949	306;18
949	331;18
949	538;18
949	562;18
949	566;18
949	711;18
949	741;18
949	906;18
949	931;18
950	307;18
950	750;18
950	995;18
953	752;18
953	962;18
955	645;18
957	426;18
959	526;18
959	843;18
959	989;18
963	946;18
964	255;18
965	549;18
965	646;18
965	768;18
965	926;18
966	724;18
967	14;18
967	251;18
967	711;18
967	737;18
967	954;18
968	531;18
968	786;18
969	56;18
969	115;18
969	419;18
969	645;18
969	844;18
969	971;18
970	49;18
970	612;18
970	959;18
970	974;18
971	155;18
971	697;18
971	909;18
974	110;18
974	684;18
974	997;18
976	926;18
978	360;18
978	601;18
978	759;18
979	360;18
979	370;18
987	110;18
987	248;18
987	343;18
987	998;18
988	738;18
988	791;18
988	895;18
988	979;18
990	52;18
990	638;18
993	549;18
994	506;18
996	926;18
998	351;18
998	388;18
999	600;18
