2	747;16
4	461;16
6	33;16
6	68;16
6	76;16
6	95;16
6	103;16
6	135;16
6	180;16
6	189;16
6	215;16
6	219;16
6	241;16
6	259;16
6	265;16
6	266;16
6	276;16
11	23;16
11	55;16
11	321;16
11	706;16
14	58;16
14	119;16
14	300;16
14	331;16
14	361;16
14	376;16
14	470;16
14	607;16
14	627;16
14	638;16
14	689;16
15	360;16
15	664;16
16	589;16
18	227;16
18	928;16
19	605;16
21	108;16
22	378;16
22	926;16
23	724;16
25	227;16
25	763;16
29	21;16
32	221;16
34	689;16
37	87;16
43	891;16
47	304;16
49	407;16
49	460;16
49	540;16
49	552;16
49	635;16
49	740;16
49	834;16
52	58;16
52	347;16
52	477;16
52	762;16
53	56;16
53	791;16
55	212;16
55	217;16
55	380;16
55	428;16
55	617;16
55	659;16
55	704;16
55	724;16
55	766;16
55	782;16
55	900;16
55	950;16
55	968;16
55	970;16
55	988;16
56	367;16
56	507;16
56	754;16
58	802;16
64	154;16
68	66;16
68	753;16
69	482;16
71	75;16
75	282;16
75	325;16
93	946;16
95	398;16
100	232;16
100	244;16
104	680;16
108	162;16
110	925;16
113	73;16
115	376;16
118	955;16
119	470;16
119	830;16
119	992;16
124	926;16
125	257;16
136	244;16
137	680;16
143	583;16
146	188;16
146	280;16
148	724;16
148	888;16
148	965;16
149	72;16
154	754;16
154	762;16
154	785;16
154	863;16
154	889;16
154	961;16
155	25;16
155	538;16
155	791;16
157	548;16
159	219;16
162	167;16
162	325;16
168	662;16
168	989;16
169	159;16
171	742;16
172	33;16
172	293;16
181	373;16
181	477;16
181	571;16
181	743;16
182	617;16
182	926;16
188	6;16
197	340;16
201	21;16
201	325;16
202	25;16
202	277;16
202	448;16
203	22;16
203	299;16
203	308;16
203	636;16
203	971;16
205	422;16
205	574;16
208	450;16
218	105;16
218	531;16
218	534;16
218	605;16
225	240;16
227	360;16
227	424;16
227	538;16
227	584;16
227	601;16
228	557;16
228	602;16
228	631;16
229	148;16
229	228;16
230	477;16
235	174;16
238	97;16
240	108;16
245	611;16
246	695;16
251	343;16
251	895;16
253	150;16
253	241;16
256	203;16
257	125;16
257	131;16
257	210;16
257	220;16
258	269;16
259	26;16
259	73;16
259	229;16
259	237;16
259	598;16
259	822;16
259	846;16
259	859;16
259	969;16
259	974;16
261	40;16
261	126;16
261	269;16
261	304;16
262	238;16
263	6;16
265	6;16
266	440;16
266	584;16
266	679;16
270	110;16
270	603;16
270	753;16
275	212;16
275	438;16
275	604;16
275	622;16
276	218;16
278	388;16
280	301;16
282	330;16
295	6;16
295	631;16
295	859;16
295	883;16
295	982;16
296	668;16
296	919;16
296	969;16
297	7;16
298	546;16
299	313;16
299	859;16
300	11;16
300	369;16
300	374;16
300	397;16
300	403;16
300	457;16
300	464;16
300	493;16
300	506;16
300	565;16
300	589;16
300	590;16
300	593;16
300	614;16
300	665;16
303	133;16
306	719;16
306	982;16
313	203;16
321	7;16
321	16;16
321	241;16
321	569;16
321	623;16
321	926;16
322	221;16
324	68;16
324	946;16
331	353;16
335	270;16
339	304;16
343	68;16
343	91;16
343	239;16
343	321;16
343	358;16
343	473;16
343	623;16
343	706;16
343	966;16
346	617;16
347	255;16
347	259;16
347	461;16
347	601;16
347	938;16
347	976;16
347	980;16
349	655;16
349	969;16
350	12;16
350	419;16
350	689;16
350	931;16
351	402;16
351	577;16
352	554;16
353	984;16
354	92;16
356	23;16
356	928;16
357	985;16
358	506;16
360	371;16
360	507;16
360	695;16
360	755;16
360	859;16
361	350;16
361	535;16
361	552;16
361	601;16
362	104;16
362	416;16
362	754;16
363	376;16
366	255;16
366	420;16
366	542;16
368	58;16
368	527;16
368	539;16
368	743;16
368	764;16
369	598;16
371	507;16
371	568;16
371	600;16
371	931;16
373	204;16
373	300;16
374	155;16
376	754;16
378	182;16
378	227;16
379	665;16
379	685;16
380	300;16
380	604;16
380	649;16
381	567;16
384	300;16
384	625;16
388	865;16
389	626;16
390	119;16
390	383;16
390	625;16
391	529;16
391	603;16
391	671;16
391	694;16
391	825;16
391	986;16
392	969;16
399	451;16
401	94;16
402	563;16
405	446;16
406	23;16
411	335;16
411	697;16
412	468;16
414	869;16
415	16;16
415	118;16
415	148;16
415	830;16
415	995;16
416	670;16
416	982;16
418	275;16
418	466;16
418	477;16
418	983;16
419	580;16
420	377;16
422	241;16
422	379;16
422	976;16
422	993;16
423	426;16
424	101;16
424	168;16
424	182;16
424	212;16
424	255;16
424	354;16
424	671;16
424	919;16
424	932;16
424	967;16
424	973;16
426	738;16
427	694;16
429	638;16
434	454;16
434	505;16
435	697;16
436	300;16
436	386;16
438	358;16
438	420;16
438	947;16
439	451;16
440	491;16
440	684;16
440	987;16
441	759;16
442	477;16
443	844;16
444	145;16
444	168;16
444	418;16
444	534;16
444	830;16
445	470;16
445	974;16
448	96;16
448	724;16
450	591;16
450	636;16
450	766;16
450	993;16
451	154;16
451	521;16
451	600;16
451	797;16
452	295;16
452	688;16
453	343;16
453	588;16
453	618;16
456	692;16
456	879;16
457	295;16
457	416;16
460	73;16
461	55;16
466	527;16
467	68;16
467	118;16
467	343;16
467	603;16
467	995;16
468	563;16
468	969;16
470	227;16
470	995;16
471	11;16
471	457;16
475	119;16
475	351;16
475	588;16
477	119;16
477	601;16
477	674;16
477	926;16
479	110;16
479	968;16
480	406;16
482	56;16
482	502;16
485	589;16
486	16;16
486	950;16
487	654;16
488	978;16
490	741;16
492	684;16
492	706;16
492	982;16
495	113;16
498	390;16
498	641;16
501	369;16
502	23;16
502	248;16
502	360;16
502	377;16
502	622;16
502	660;16
502	770;16
503	438;16
503	939;16
507	514;16
507	690;16
508	641;16
508	665;16
509	665;16
510	724;16
511	813;16
512	754;16
513	676;16
514	347;16
514	443;16
514	603;16
514	684;16
514	697;16
514	803;16
514	929;16
517	49;16
519	549;16
519	660;16
519	724;16
521	696;16
522	137;16
522	356;16
522	364;16
522	486;16
522	592;16
522	623;16
523	327;16
523	544;16
523	630;16
524	354;16
526	208;16
526	212;16
526	296;16
526	450;16
526	477;16
526	541;16
526	566;16
526	589;16
526	750;16
526	932;16
526	955;16
527	55;16
532	300;16
534	204;16
534	300;16
535	816;16
536	511;16
538	654;16
538	906;16
539	450;16
539	622;16
539	982;16
540	95;16
540	227;16
540	635;16
540	879;16
540	967;16
541	638;16
544	11;16
544	34;16
544	523;16
544	600;16
544	724;16
544	757;16
546	512;16
547	454;16
548	627;16
549	458;16
549	877;16
551	383;16
551	507;16
551	629;16
551	759;16
551	926;16
552	300;16
552	522;16
552	641;16
552	931;16
556	11;16
557	115;16
557	267;16
557	268;16
557	526;16
557	563;16
558	759;16
563	300;16
563	381;16
563	407;16
563	422;16
563	466;16
563	620;16
564	23;16
564	56;16
564	227;16
564	360;16
564	383;16
564	439;16
564	636;16
565	393;16
569	16;16
569	371;16
569	529;16
569	711;16
569	724;16
570	697;16
572	598;16
574	995;16
576	445;16
576	585;16
577	259;16
577	434;16
577	572;16
577	832;16
577	950;16
577	955;16
578	210;16
580	56;16
581	674;16
581	706;16
583	222;16
583	268;16
583	283;16
583	371;16
583	448;16
583	486;16
583	538;16
583	662;16
583	736;16
584	938;16
585	300;16
588	182;16
588	458;16
588	662;16
589	558;16
589	610;16
589	974;16
590	357;16
590	493;16
592	706;16
593	375;16
594	49;16
598	351;16
598	417;16
598	509;16
598	859;16
601	383;16
601	692;16
601	995;16
602	227;16
602	477;16
603	636;16
603	695;16
603	964;16
604	305;16
604	551;16
604	815;16
604	950;16
605	35;16
605	367;16
605	759;16
605	961;16
607	168;16
607	456;16
607	766;16
607	967;16
608	103;16
610	563;16
610	706;16
611	26;16
611	245;16
617	104;16
617	158;16
617	182;16
617	419;16
617	664;16
617	724;16
617	932;16
618	55;16
618	408;16
618	795;16
619	49;16
619	251;16
619	267;16
619	380;16
619	416;16
619	451;16
619	491;16
619	539;16
619	562;16
619	756;16
619	844;16
619	869;16
620	321;16
620	452;16
621	300;16
623	895;16
625	439;16
628	148;16
629	248;16
630	113;16
630	550;16
631	110;16
631	674;16
633	300;16
634	11;16
636	270;16
636	300;16
636	739;16
637	559;16
638	34;16
638	212;16
638	350;16
638	388;16
638	566;16
638	652;16
638	895;16
638	926;16
639	300;16
639	768;16
644	298;16
645	52;16
645	300;16
645	697;16
645	724;16
645	738;16
645	905;16
646	563;16
646	949;16
648	543;16
655	113;16
655	187;16
655	350;16
655	356;16
655	526;16
655	584;16
655	832;16
659	39;16
659	862;16
660	295;16
660	568;16
660	919;16
662	56;16
662	237;16
662	670;16
662	742;16
664	604;16
664	946;16
665	351;16
665	407;16
666	296;16
668	371;16
668	538;16
668	557;16
668	634;16
668	697;16
668	736;16
669	624;16
669	874;16
669	919;16
674	706;16
675	620;16
676	7;16
676	455;16
676	477;16
676	493;16
676	526;16
679	7;16
679	429;16
679	566;16
679	636;16
680	535;16
680	931;16
684	967;16
685	11;16
685	552;16
687	218;16
689	255;16
689	719;16
690	919;16
694	118;16
694	600;16
694	844;16
695	350;16
695	360;16
695	614;16
695	622;16
696	395;16
697	104;16
697	227;16
697	668;16
697	952;16
697	974;16
702	712;16
706	360;16
714	498;16
716	50;16
718	87;16
718	734;16
719	544;16
719	600;16
719	925;16
721	212;16
735	953;16
736	451;16
736	526;16
736	627;16
736	694;16
736	754;16
736	786;16
736	793;16
736	904;16
736	937;16
736	976;16
737	982;16
739	209;16
740	491;16
740	724;16
741	378;16
741	697;16
742	376;16
749	154;16
749	776;16
750	206;16
753	7;16
753	830;16
754	49;16
754	68;16
754	513;16
754	646;16
754	649;16
754	662;16
754	986;16
754	993;16
757	830;16
758	951;16
759	622;16
763	581;16
765	154;16
766	450;16
766	795;16
767	697;16
768	706;16
769	884;16
786	654;16
786	966;16
791	230;16
791	768;16
791	953;16
791	964;16
791	972;16
793	773;16
793	904;16
795	7;16
795	119;16
795	892;16
795	979;16
795	983;16
799	636;16
800	218;16
800	244;16
800	298;16
800	697;16
800	767;16
800	983;16
801	407;16
801	527;16
801	955;16
801	987;16
803	588;16
805	736;16
805	809;16
814	218;16
815	967;16
815	974;16
816	706;16
818	867;16
822	53;16
822	659;16
822	671;16
822	947;16
823	458;16
823	740;16
825	11;16
825	830;16
828	928;16
830	23;16
830	747;16
831	154;16
833	868;16
834	467;16
834	736;16
836	259;16
836	357;16
836	636;16
836	927;16
836	989;16
838	110;16
841	675;16
842	367;16
843	343;16
844	321;16
844	343;16
844	391;16
845	154;16
845	255;16
845	719;16
845	847;16
847	697;16
847	754;16
849	947;16
849	982;16
851	309;16
851	931;16
859	103;16
859	228;16
859	636;16
860	218;16
864	622;16
865	823;16
869	426;16
869	626;16
870	589;16
871	526;16
874	477;16
877	974;16
878	779;16
879	14;16
879	440;16
879	487;16
881	955;16
883	365;16
887	747;16
887	802;16
887	981;16
888	248;16
888	255;16
888	295;16
891	11;16
891	26;16
891	54;16
891	181;16
891	296;16
891	376;16
891	655;16
891	706;16
891	754;16
891	978;16
891	982;16
895	869;16
897	251;16
897	343;16
898	182;16
898	954;16
900	588;16
903	791;16
905	56;16
905	101;16
905	604;16
905	797;16
906	466;16
906	874;16
906	884;16
906	931;16
906	984;16
906	996;16
906	999;16
908	7;16
909	133;16
909	502;16
909	740;16
911	618;16
916	765;16
917	643;16
918	154;16
919	508;16
920	815;16
921	343;16
923	931;16
924	217;16
924	859;16
925	554;16
925	645;16
926	52;16
926	531;16
926	927;16
926	973;16
926	996;16
928	182;16
928	388;16
928	399;16
928	503;16
928	514;16
928	522;16
928	702;16
928	740;16
928	851;16
929	474;16
929	891;16
930	988;16
931	555;16
931	923;16
938	526;16
938	706;16
939	158;16
939	491;16
939	666;16
939	767;16
939	930;16
946	963;16
947	631;16
947	849;16
948	462;16
949	266;16
949	307;16
949	388;16
949	447;16
949	522;16
949	548;16
949	918;16
949	996;16
949	999;16
950	313;16
950	360;16
950	398;16
954	16;16
955	749;16
955	926;16
959	15;16
959	43;16
959	110;16
960	373;16
961	706;16
962	953;16
963	754;16
964	522;16
964	706;16
964	891;16
964	928;16
965	182;16
965	255;16
965	376;16
965	454;16
965	512;16
965	995;16
966	747;16
967	607;16
967	684;16
967	987;16
968	227;16
968	473;16
968	879;16
969	15;16
969	182;16
969	477;16
969	584;16
969	928;16
971	766;16
974	49;16
974	458;16
974	736;16
974	949;16
978	248;16
978	724;16
979	115;16
979	343;16
979	440;16
979	706;16
979	760;16
979	874;16
980	182;16
980	255;16
980	662;16
980	973;16
982	14;16
982	110;16
982	321;16
983	659;16
984	248;16
984	324;16
985	979;16
986	119;16
987	209;16
987	373;16
987	416;16
988	270;16
988	929;16
989	391;16
989	995;16
992	888;16
993	926;16
994	844;16
995	331;16
996	514;16
996	905;16
998	612;16
999	388;16
999	424;16
1000	502;16
