6	36;7
6	61;7
6	107;7
6	116;7
6	162;7
6	182;7
6	216;7
6	230;7
6	260;7
6	263;7
6	283;7
6	292;7
6	299;7
7	477;7
11	468;7
12	351;7
12	354;7
12	437;7
14	512;7
14	984;7
15	55;7
15	959;7
15	974;7
16	984;7
22	638;7
22	697;7
26	822;7
29	172;7
32	58;7
33	220;7
34	373;7
35	350;7
35	569;7
35	612;7
37	858;7
43	255;7
43	522;7
43	754;7
49	110;7
49	244;7
49	245;7
49	430;7
49	605;7
49	611;7
49	630;7
49	664;7
49	757;7
49	843;7
49	960;7
49	968;7
49	974;7
49	997;7
52	416;7
52	622;7
52	645;7
52	995;7
55	11;7
55	53;7
55	300;7
55	422;7
55	506;7
55	539;7
55	619;7
55	810;7
55	929;7
55	941;7
56	187;7
56	217;7
56	487;7
56	554;7
56	590;7
56	638;7
56	843;7
56	929;7
56	999;7
57	54;7
57	267;7
65	71;7
84	167;7
86	988;7
88	232;7
90	94;7
95	23;7
95	119;7
104	583;7
105	706;7
106	919;7
109	670;7
110	424;7
110	659;7
110	865;7
110	982;7
110	989;7
113	88;7
113	450;7
113	830;7
115	788;7
118	482;7
118	797;7
119	181;7
119	182;7
119	239;7
119	781;7
119	971;7
123	791;7
124	95;7
124	924;7
126	6;7
128	929;7
131	220;7
143	55;7
144	1000;7
148	321;7
148	502;7
148	636;7
148	919;7
149	315;7
154	605;7
154	747;7
154	783;7
154	797;7
154	816;7
154	821;7
154	906;7
155	181;7
155	706;7
157	526;7
159	192;7
168	368;7
170	6;7
172	140;7
173	175;7
174	6;7
174	45;7
179	923;7
179	930;7
181	155;7
181	182;7
182	695;7
184	258;7
188	319;7
194	6;7
196	697;7
202	204;7
203	36;7
203	65;7
203	85;7
203	172;7
204	374;7
210	6;7
210	338;7
218	92;7
218	182;7
218	446;7
218	493;7
218	795;7
218	836;7
218	917;7
218	949;7
218	982;7
218	984;7
218	990;7
222	479;7
227	208;7
227	801;7
228	148;7
228	770;7
229	368;7
229	876;7
232	343;7
237	194;7
244	313;7
245	926;7
245	928;7
246	815;7
246	877;7
248	49;7
248	526;7
251	451;7
251	654;7
253	544;7
253	747;7
255	458;7
255	689;7
259	84;7
259	88;7
259	106;7
259	115;7
259	172;7
259	455;7
259	481;7
259	498;7
259	504;7
259	583;7
259	617;7
259	663;7
259	670;7
259	768;7
259	832;7
259	894;7
259	998;7
261	287;7
261	604;7
268	94;7
270	56;7
270	507;7
270	759;7
270	841;7
273	74;7
273	232;7
275	95;7
275	241;7
275	276;7
275	456;7
275	636;7
275	928;7
278	973;7
287	120;7
292	45;7
293	317;7
295	371;7
295	372;7
295	638;7
295	979;7
296	695;7
298	498;7
299	100;7
299	201;7
300	438;7
300	473;7
300	615;7
300	659;7
304	149;7
304	319;7
308	150;7
310	790;7
315	6;7
318	791;7
321	434;7
321	757;7
323	184;7
330	33;7
331	343;7
331	557;7
331	620;7
332	514;7
335	416;7
335	738;7
335	869;7
337	209;7
338	343;7
339	6;7
343	379;7
343	482;7
343	502;7
343	506;7
343	514;7
343	577;7
343	622;7
343	806;7
343	884;7
343	954;7
344	938;7
347	429;7
347	757;7
349	874;7
350	278;7
350	356;7
350	607;7
350	662;7
350	961;7
351	816;7
353	968;7
354	35;7
354	113;7
354	636;7
354	708;7
355	446;7
356	493;7
356	522;7
358	439;7
358	580;7
359	424;7
360	244;7
360	365;7
360	659;7
360	905;7
361	7;7
361	237;7
361	993;7
362	766;7
365	305;7
365	670;7
366	377;7
366	438;7
367	505;7
367	584;7
368	583;7
371	473;7
371	574;7
371	947;7
371	950;7
372	547;7
372	685;7
373	49;7
373	148;7
373	374;7
373	423;7
373	892;7
374	629;7
374	982;7
376	373;7
376	892;7
377	580;7
378	55;7
380	16;7
380	801;7
383	697;7
386	844;7
388	979;7
390	426;7
391	526;7
391	569;7
391	584;7
392	49;7
394	300;7
395	300;7
395	552;7
395	568;7
396	300;7
396	495;7
397	49;7
398	391;7
398	540;7
398	971;7
399	56;7
399	491;7
399	620;7
399	859;7
402	300;7
402	372;7
402	531;7
403	506;7
403	545;7
406	16;7
407	300;7
408	368;7
411	770;7
411	995;7
412	665;7
414	614;7
415	931;7
417	521;7
417	583;7
417	724;7
418	110;7
418	485;7
418	741;7
418	879;7
422	321;7
422	410;7
422	525;7
424	56;7
424	535;7
424	689;7
424	924;7
424	980;7
426	550;7
427	834;7
434	403;7
436	15;7
436	591;7
436	926;7
437	638;7
438	706;7
440	551;7
440	649;7
444	133;7
444	343;7
444	605;7
445	55;7
445	697;7
446	379;7
446	423;7
447	37;7
450	383;7
450	426;7
451	23;7
451	356;7
451	583;7
451	673;7
451	743;7
453	540;7
453	926;7
454	69;7
455	64;7
455	218;7
457	471;7
458	218;7
458	485;7
458	629;7
458	697;7
459	660;7
459	931;7
460	955;7
461	376;7
461	416;7
461	883;7
464	865;7
466	490;7
466	498;7
466	625;7
466	925;7
467	556;7
467	645;7
467	837;7
467	928;7
470	584;7
470	697;7
470	740;7
470	742;7
471	300;7
472	995;7
473	447;7
473	481;7
474	446;7
475	947;7
477	508;7
477	974;7
479	929;7
482	508;7
482	617;7
482	623;7
482	919;7
485	418;7
485	499;7
487	477;7
488	684;7
493	475;7
493	601;7
493	638;7
493	714;7
493	748;7
496	300;7
498	371;7
499	485;7
502	797;7
502	975;7
502	996;7
503	406;7
503	443;7
504	56;7
505	506;7
506	696;7
507	706;7
507	988;7
508	454;7
510	210;7
510	526;7
510	636;7
510	791;7
510	967;7
511	536;7
512	259;7
512	563;7
512	759;7
514	37;7
522	588;7
522	596;7
522	862;7
522	959;7
524	811;7
526	25;7
526	55;7
526	92;7
526	155;7
526	357;7
526	422;7
526	479;7
526	514;7
526	601;7
526	692;7
526	871;7
526	885;7
526	978;7
526	988;7
527	887;7
527	980;7
529	504;7
531	446;7
531	801;7
534	395;7
534	529;7
534	952;7
534	993;7
535	154;7
539	456;7
540	92;7
540	136;7
540	208;7
540	451;7
540	522;7
541	7;7
546	540;7
547	552;7
547	738;7
548	932;7
549	212;7
550	438;7
551	104;7
551	212;7
551	526;7
552	412;7
557	35;7
557	118;7
557	537;7
559	626;7
563	14;7
564	7;7
564	212;7
564	638;7
566	526;7
568	384;7
568	446;7
568	558;7
568	755;7
569	104;7
569	133;7
569	682;7
569	905;7
570	300;7
571	11;7
575	101;7
575	939;7
576	38;7
576	638;7
576	872;7
576	972;7
577	447;7
577	505;7
577	554;7
580	407;7
580	531;7
581	512;7
581	954;7
581	968;7
583	87;7
583	601;7
583	925;7
583	974;7
584	300;7
588	830;7
588	929;7
588	971;7
589	925;7
590	364;7
594	471;7
594	836;7
598	92;7
599	426;7
600	35;7
601	350;7
601	477;7
601	924;7
602	182;7
603	182;7
603	844;7
604	124;7
605	154;7
605	493;7
607	300;7
607	426;7
608	473;7
611	227;7
616	248;7
617	245;7
617	296;7
617	564;7
617	985;7
618	424;7
618	447;7
618	477;7
619	52;7
619	493;7
619	967;7
619	989;7
620	563;7
620	706;7
621	488;7
622	527;7
622	676;7
623	300;7
623	580;7
625	577;7
626	106;7
627	906;7
627	925;7
628	104;7
629	168;7
629	458;7
629	487;7
630	255;7
630	369;7
630	491;7
630	971;7
631	995;7
636	584;7
636	631;7
636	742;7
638	618;7
638	949;7
639	854;7
640	955;7
641	598;7
643	61;7
643	356;7
644	739;7
644	919;7
645	23;7
645	472;7
645	987;7
646	119;7
646	321;7
647	490;7
647	512;7
647	563;7
649	104;7
649	376;7
652	376;7
652	551;7
655	321;7
655	891;7
658	7;7
658	38;7
659	119;7
659	697;7
662	12;7
662	251;7
662	551;7
662	891;7
664	34;7
665	356;7
665	759;7
666	982;7
668	23;7
668	35;7
668	321;7
668	526;7
668	673;7
668	859;7
668	926;7
673	697;7
674	493;7
674	697;7
676	383;7
676	645;7
678	218;7
678	670;7
679	244;7
679	543;7
679	706;7
680	458;7
680	872;7
680	887;7
682	386;7
684	104;7
684	645;7
684	926;7
684	983;7
685	88;7
689	56;7
689	984;7
691	369;7
692	360;7
692	484;7
693	563;7
694	16;7
694	264;7
694	300;7
694	640;7
694	676;7
695	508;7
695	825;7
695	938;7
697	416;7
697	438;7
697	535;7
706	892;7
711	979;7
712	717;7
714	270;7
719	527;7
724	58;7
724	110;7
724	660;7
736	12;7
736	64;7
736	391;7
736	544;7
736	673;7
736	843;7
736	897;7
737	371;7
738	259;7
738	963;7
739	360;7
739	754;7
739	908;7
740	154;7
741	365;7
741	564;7
741	680;7
742	14;7
742	795;7
743	15;7
747	613;7
747	617;7
747	635;7
750	526;7
750	736;7
752	868;7
753	68;7
753	95;7
753	971;7
754	52;7
754	113;7
754	209;7
754	362;7
754	395;7
754	619;7
754	743;7
754	746;7
754	844;7
754	869;7
754	972;7
754	976;7
756	778;7
757	391;7
757	399;7
757	879;7
757	931;7
759	408;7
759	636;7
759	724;7
759	926;7
760	538;7
761	473;7
762	306;7
766	526;7
768	770;7
769	206;7
769	212;7
770	440;7
770	768;7
771	919;7
779	775;7
780	774;7
780	806;7
786	534;7
786	535;7
786	673;7
789	918;7
791	110;7
791	268;7
791	737;7
791	754;7
791	772;7
791	838;7
791	923;7
793	958;7
795	95;7
795	154;7
795	271;7
795	645;7
795	859;7
799	724;7
799	760;7
800	759;7
801	390;7
801	426;7
801	493;7
805	347;7
806	526;7
811	306;7
812	600;7
815	584;7
819	154;7
822	148;7
822	787;7
824	154;7
825	982;7
827	450;7
830	724;7
831	891;7
834	49;7
836	739;7
836	763;7
837	95;7
837	526;7
838	115;7
842	23;7
842	493;7
844	7;7
844	55;7
844	388;7
844	558;7
844	756;7
844	795;7
845	601;7
845	859;7
847	182;7
847	978;7
848	938;7
850	745;7
851	771;7
854	771;7
855	662;7
855	966;7
857	49;7
858	491;7
858	736;7
858	859;7
859	232;7
859	437;7
859	454;7
859	926;7
859	982;7
861	23;7
862	179;7
869	581;7
869	647;7
876	229;7
877	154;7
878	772;7
879	119;7
879	682;7
881	244;7
881	394;7
881	568;7
883	295;7
883	543;7
883	949;7
884	769;7
887	110;7
887	367;7
888	16;7
888	540;7
889	221;7
891	55;7
891	197;7
891	259;7
891	305;7
891	343;7
891	514;7
891	656;7
891	748;7
891	911;7
891	981;7
891	995;7
892	984;7
895	694;7
897	988;7
900	748;7
900	836;7
904	536;7
904	765;7
905	372;7
905	638;7
906	369;7
909	360;7
909	748;7
919	218;7
923	154;7
924	737;7
926	204;7
926	992;7
928	7;7
928	18;7
928	66;7
928	104;7
928	106;7
928	109;7
928	351;7
928	357;7
928	416;7
928	762;7
928	766;7
928	767;7
928	853;7
928	924;7
928	947;7
928	967;7
928	982;7
929	475;7
929	614;7
929	739;7
929	952;7
931	451;7
931	985;7
935	706;7
939	619;7
939	868;7
946	306;7
946	581;7
946	831;7
947	438;7
947	451;7
947	645;7
949	56;7
949	244;7
949	391;7
949	428;7
949	470;7
949	524;7
949	541;7
949	697;7
949	932;7
950	365;7
950	437;7
950	786;7
950	982;7
957	104;7
957	622;7
958	762;7
959	182;7
959	248;7
960	974;7
963	259;7
965	200;7
967	654;7
967	919;7
968	513;7
969	514;7
969	552;7
969	940;7
970	347;7
971	619;7
973	248;7
974	989;7
974	998;7
976	999;7
977	926;7
980	321;7
981	64;7
982	526;7
982	981;7
983	11;7
983	55;7
983	422;7
983	583;7
984	502;7
984	929;7
985	534;7
986	25;7
986	187;7
986	295;7
987	218;7
987	306;7
987	679;7
987	689;7
987	905;7
988	581;7
989	148;7
989	248;7
989	929;7
991	502;7
991	738;7
993	724;7
994	454;7
994	557;7
997	347;7
997	361;7
997	583;7
998	64;7
999	451;7
999	645;7
999	684;7
