6	74;20
6	83;20
6	159;20
6	166;20
6	191;20
6	195;20
6	202;20
6	204;20
6	328;20
7	58;20
7	212;20
7	766;20
11	68;20
11	118;20
11	992;20
12	654;20
13	204;20
14	479;20
14	522;20
14	636;20
14	669;20
15	424;20
15	747;20
15	754;20
16	479;20
22	7;20
25	535;20
31	6;20
31	174;20
32	172;20
32	201;20
32	928;20
34	645;20
35	16;20
35	92;20
43	736;20
43	949;20
49	7;20
49	119;20
49	266;20
49	479;20
49	549;20
49	791;20
49	848;20
49	925;20
49	947;20
52	11;20
52	493;20
52	514;20
52	706;20
52	979;20
53	237;20
55	101;20
55	182;20
55	255;20
55	367;20
55	436;20
55	458;20
55	535;20
55	684;20
55	739;20
55	815;20
55	891;20
55	938;20
56	23;20
56	68;20
56	306;20
56	343;20
56	976;20
58	343;20
58	490;20
73	564;20
73	969;20
74	162;20
74	299;20
74	313;20
75	21;20
75	100;20
75	317;20
84	669;20
85	25;20
87	701;20
88	133;20
92	377;20
92	407;20
93	227;20
93	697;20
94	325;20
95	374;20
100	201;20
100	225;20
103	209;20
103	748;20
104	110;20
105	87;20
105	461;20
106	514;20
110	416;20
113	736;20
113	987;20
114	314;20
115	997;20
118	926;20
119	68;20
119	295;20
122	514;20
124	659;20
124	692;20
124	928;20
124	982;20
125	65;20
126	37;20
129	724;20
131	203;20
136	879;20
137	979;20
138	325;20
139	117;20
147	264;20
148	660;20
148	926;20
149	42;20
154	105;20
154	837;20
154	851;20
154	887;20
154	924;20
154	938;20
155	244;20
155	529;20
155	570;20
161	205;20
168	757;20
172	203;20
174	195;20
178	159;20
181	522;20
181	588;20
183	908;20
197	68;20
200	603;20
201	330;20
203	240;20
204	891;20
205	534;20
208	6;20
208	52;20
208	564;20
208	638;20
209	68;20
209	620;20
210	257;20
214	25;20
215	6;20
217	321;20
217	522;20
218	25;20
218	298;20
218	623;20
218	941;20
220	21;20
227	218;20
227	237;20
227	380;20
227	551;20
227	679;20
227	706;20
228	110;20
228	925;20
228	961;20
228	967;20
229	110;20
229	558;20
229	607;20
229	827;20
233	280;20
237	6;20
244	21;20
244	82;20
244	167;20
244	308;20
245	93;20
245	837;20
248	754;20
251	148;20
251	373;20
251	897;20
251	906;20
255	847;20
257	221;20
259	25;20
259	142;20
259	222;20
259	321;20
259	397;20
259	419;20
259	426;20
259	487;20
259	557;20
259	588;20
259	608;20
259	815;20
259	874;20
259	940;20
259	955;20
266	343;20
269	202;20
270	447;20
270	619;20
270	736;20
270	859;20
271	222;20
271	522;20
271	800;20
273	172;20
275	350;20
275	445;20
276	330;20
278	931;20
282	169;20
283	451;20
283	969;20
288	179;20
293	76;20
295	49;20
295	552;20
295	584;20
295	645;20
298	6;20
299	244;20
299	282;20
300	110;20
300	394;20
300	404;20
300	428;20
300	440;20
300	460;20
300	555;20
300	572;20
300	576;20
300	584;20
300	598;20
300	599;20
300	651;20
300	658;20
306	811;20
307	622;20
313	29;20
313	74;20
318	833;20
321	475;20
321	584;20
324	115;20
331	444;20
332	23;20
335	987;20
338	165;20
339	57;20
343	29;20
343	34;20
343	96;20
343	119;20
343	203;20
343	232;20
343	415;20
343	466;20
343	472;20
343	588;20
343	847;20
343	895;20
343	918;20
343	952;20
343	989;20
346	259;20
346	312;20
347	14;20
347	919;20
347	988;20
347	997;20
350	229;20
350	248;20
350	275;20
350	416;20
350	577;20
350	614;20
350	670;20
350	989;20
351	482;20
353	115;20
354	118;20
355	521;20
355	568;20
355	665;20
356	420;20
356	830;20
358	395;20
358	623;20
358	714;20
359	110;20
359	645;20
359	697;20
360	229;20
360	538;20
360	706;20
360	766;20
360	909;20
361	510;20
362	388;20
362	538;20
362	801;20
362	985;20
365	165;20
365	895;20
366	325;20
367	926;20
368	204;20
368	622;20
368	972;20
369	762;20
371	312;20
371	343;20
371	974;20
371	981;20
371	982;20
372	638;20
373	16;20
373	123;20
373	343;20
373	479;20
373	499;20
373	879;20
374	830;20
374	979;20
376	408;20
376	437;20
376	529;20
377	688;20
378	900;20
380	96;20
380	227;20
385	926;20
386	477;20
388	770;20
388	869;20
389	948;20
390	979;20
391	487;20
391	638;20
391	740;20
394	395;20
395	502;20
397	498;20
397	580;20
397	665;20
397	932;20
399	770;20
402	351;20
402	414;20
402	468;20
402	514;20
403	630;20
406	480;20
406	522;20
407	389;20
407	420;20
407	509;20
408	697;20
410	563;20
412	552;20
414	300;20
414	740;20
415	306;20
415	584;20
415	971;20
416	589;20
421	891;20
422	228;20
422	298;20
422	399;20
422	617;20
423	982;20
424	300;20
424	470;20
424	492;20
424	527;20
424	551;20
424	901;20
426	665;20
426	685;20
428	255;20
429	891;20
433	692;20
434	552;20
436	368;20
437	395;20
437	742;20
440	104;20
440	416;20
440	578;20
440	645;20
441	218;20
444	155;20
444	522;20
444	613;20
444	970;20
445	96;20
445	514;20
450	148;20
450	356;20
450	585;20
450	588;20
450	645;20
450	865;20
450	968;20
450	973;20
451	255;20
451	335;20
451	403;20
451	491;20
451	624;20
451	626;20
451	706;20
451	938;20
451	987;20
454	56;20
458	519;20
458	984;20
459	134;20
461	453;20
464	23;20
466	343;20
466	599;20
470	7;20
470	101;20
470	376;20
470	548;20
470	680;20
470	938;20
471	399;20
473	347;20
473	706;20
473	747;20
474	298;20
474	577;20
474	685;20
475	23;20
475	148;20
475	321;20
475	982;20
476	534;20
477	919;20
478	16;20
479	706;20
479	845;20
479	995;20
481	590;20
481	747;20
481	926;20
482	118;20
482	454;20
482	968;20
485	14;20
485	458;20
486	973;20
487	969;20
490	218;20
490	924;20
492	583;20
493	148;20
493	424;20
493	740;20
498	598;20
498	714;20
499	469;20
501	929;20
502	397;20
502	415;20
502	454;20
502	946;20
503	638;20
503	648;20
505	598;20
506	541;20
507	576;20
508	660;20
510	87;20
510	978;20
512	628;20
512	711;20
513	724;20
513	754;20
514	41;20
514	351;20
514	999;20
516	606;20
518	300;20
522	130;20
522	321;20
522	360;20
522	444;20
522	456;20
522	576;20
522	584;20
522	754;20
522	977;20
522	978;20
523	495;20
526	6;20
526	61;20
526	94;20
526	96;20
526	229;20
526	305;20
526	331;20
526	388;20
526	421;20
526	449;20
526	451;20
526	529;20
526	534;20
526	554;20
526	555;20
526	676;20
526	721;20
526	754;20
526	883;20
526	951;20
527	361;20
527	368;20
527	926;20
529	391;20
529	451;20
529	461;20
529	577;20
531	674;20
534	56;20
534	456;20
534	541;20
534	544;20
534	665;20
534	676;20
534	879;20
535	95;20
535	266;20
535	676;20
535	968;20
538	697;20
540	587;20
543	484;20
543	786;20
544	543;20
544	549;20
544	736;20
544	739;20
545	688;20
548	55;20
549	544;20
549	993;20
551	183;20
551	581;20
551	983;20
552	440;20
552	452;20
552	563;20
554	220;20
557	689;20
557	753;20
557	846;20
558	58;20
558	662;20
559	377;20
559	426;20
559	498;20
559	558;20
559	563;20
563	418;20
563	476;20
563	645;20
563	691;20
563	692;20
564	96;20
566	906;20
568	931;20
569	232;20
569	524;20
569	588;20
569	927;20
569	995;20
570	446;20
571	300;20
572	210;20
572	451;20
572	506;20
572	521;20
575	92;20
577	488;20
577	539;20
577	584;20
577	982;20
580	397;20
580	625;20
581	118;20
581	540;20
581	827;20
581	946;20
583	32;20
583	205;20
583	581;20
583	614;20
583	891;20
583	947;20
584	358;20
584	482;20
584	568;20
584	684;20
588	52;20
588	95;20
588	218;20
588	513;20
588	514;20
588	619;20
588	638;20
588	827;20
589	14;20
589	724;20
590	270;20
592	926;20
594	343;20
594	625;20
596	300;20
598	358;20
600	859;20
600	999;20
601	569;20
603	375;20
603	563;20
603	931;20
603	979;20
604	350;20
604	445;20
607	14;20
607	61;20
607	68;20
607	321;20
607	367;20
607	473;20
607	645;20
607	680;20
607	874;20
607	904;20
607	926;20
609	251;20
609	331;20
610	925;20
612	373;20
612	987;20
617	248;20
617	330;20
617	515;20
617	548;20
617	766;20
618	14;20
618	270;20
618	534;20
618	987;20
619	39;20
619	477;20
619	563;20
619	581;20
619	739;20
619	837;20
619	931;20
621	926;20
624	451;20
625	446;20
626	26;20
626	412;20
626	413;20
627	61;20
627	759;20
628	300;20
629	759;20
630	208;20
630	420;20
631	538;20
633	968;20
634	620;20
636	514;20
636	651;20
636	674;20
638	13;20
638	182;20
638	187;20
638	513;20
638	766;20
641	295;20
641	397;20
641	528;20
645	529;20
645	770;20
646	168;20
646	467;20
646	522;20
647	218;20
649	92;20
649	110;20
649	584;20
650	738;20
652	92;20
652	400;20
652	582;20
653	563;20
655	144;20
655	349;20
655	654;20
655	782;20
659	415;20
659	438;20
659	684;20
660	739;20
662	450;20
662	736;20
662	759;20
662	845;20
663	365;20
665	218;20
665	568;20
665	714;20
670	229;20
670	479;20
673	182;20
673	736;20
674	451;20
675	367;20
675	563;20
675	577;20
676	96;20
676	155;20
676	605;20
678	300;20
678	969;20
679	84;20
679	659;20
684	56;20
684	417;20
684	514;20
689	531;20
691	49;20
692	539;20
692	899;20
694	266;20
694	608;20
694	636;20
694	692;20
694	877;20
694	911;20
695	458;20
696	454;20
697	229;20
697	636;20
697	924;20
697	986;20
698	706;20
706	87;20
706	918;20
714	384;20
714	684;20
717	698;20
719	148;20
719	979;20
723	87;20
724	229;20
724	689;20
730	87;20
736	218;20
736	296;20
736	362;20
736	372;20
736	878;20
736	955;20
736	982;20
736	989;20
737	534;20
739	929;20
740	450;20
740	568;20
741	259;20
741	982;20
742	655;20
742	938;20
747	227;20
748	358;20
748	636;20
748	741;20
753	857;20
754	125;20
754	179;20
754	208;20
754	325;20
754	350;20
754	450;20
754	676;20
754	753;20
754	932;20
754	978;20
757	388;20
757	584;20
757	621;20
757	662;20
757	674;20
758	154;20
761	995;20
764	706;20
765	876;20
765	962;20
769	313;20
769	697;20
769	949;20
770	133;20
770	736;20
776	749;20
779	878;20
781	891;20
782	605;20
782	785;20
786	482;20
786	557;20
786	906;20
787	426;20
788	115;20
790	105;20
791	513;20
792	154;20
794	154;20
795	58;20
795	109;20
795	115;20
795	124;20
795	801;20
797	118;20
797	619;20
798	23;20
800	919;20
801	118;20
801	768;20
810	919;20
811	697;20
811	706;20
813	513;20
814	208;20
814	388;20
815	248;20
818	811;20
819	774;20
822	514;20
823	754;20
825	399;20
825	969;20
827	926;20
830	721;20
834	427;20
836	68;20
836	968;20
839	154;20
841	714;20
842	968;20
842	978;20
843	602;20
843	659;20
844	148;20
844	498;20
844	589;20
844	766;20
844	842;20
845	461;20
848	105;20
849	248;20
851	805;20
851	947;20
855	928;20
857	154;20
858	105;20
858	366;20
858	949;20
862	930;20
864	892;20
868	791;20
869	905;20
874	49;20
874	754;20
876	878;20
877	487;20
877	588;20
881	532;20
883	208;20
883	526;20
883	871;20
883	925;20
884	918;20
888	187;20
888	343;20
888	549;20
888	801;20
891	245;20
891	486;20
891	534;20
891	581;20
891	613;20
891	681;20
891	738;20
891	766;20
891	906;20
891	938;20
895	757;20
897	736;20
897	968;20
898	154;20
898	908;20
900	440;20
903	748;20
903	816;20
904	534;20
905	869;20
906	110;20
906	627;20
911	800;20
916	962;20
917	995;20
918	884;20
919	892;20
925	248;20
925	440;20
925	995;20
926	622;20
926	669;20
926	969;20
928	133;20
928	137;20
928	267;20
928	361;20
928	604;20
928	724;20
928	764;20
928	806;20
928	847;20
928	897;20
928	904;20
928	926;20
928	936;20
928	949;20
928	981;20
929	634;20
929	694;20
931	459;20
931	679;20
931	969;20
935	722;20
938	94;20
939	540;20
943	745;20
947	377;20
947	694;20
947	970;20
949	84;20
949	148;20
949	161;20
949	283;20
949	383;20
949	442;20
949	529;20
949	662;20
949	684;20
949	743;20
949	747;20
950	204;20
950	486;20
950	577;20
950	757;20
950	762;20
950	764;20
950	981;20
952	879;20
953	916;20
954	895;20
955	148;20
959	259;20
959	925;20
959	954;20
959	983;20
960	55;20
963	766;20
964	360;20
965	94;20
965	436;20
965	697;20
965	947;20
966	376;20
966	741;20
966	855;20
967	92;20
967	424;20
967	770;20
967	800;20
968	248;20
970	259;20
971	11;20
973	802;20
974	461;20
974	576;20
974	619;20
974	822;20
974	859;20
976	56;20
979	947;20
980	110;20
980	440;20
981	887;20
983	694;20
983	996;20
985	590;20
985	736;20
987	487;20
987	895;20
987	947;20
987	989;20
988	622;20
989	373;20
989	660;20
989	724;20
989	768;20
995	440;20
998	482;20
999	56;20
999	694;20
999	887;20
