6	18;1
6	28;1
6	52;1
6	106;1
6	131;1
6	151;1
6	153;1
6	154;1
6	170;1
6	228;1
6	233;1
6	239;1
7	35;1
7	119;1
7	581;1
7	869;1
7	973;1
11	255;1
11	300;1
11	460;1
11	486;1
13	227;1
14	49;1
14	181;1
14	601;1
14	925;1
14	949;1
14	995;1
15	576;1
16	477;1
16	622;1
16	892;1
16	954;1
17	6;1
19	557;1
22	257;1
22	325;1
22	526;1
23	275;1
29	108;1
29	162;1
34	12;1
34	343;1
35	638;1
36	22;1
36	438;1
41	636;1
42	279;1
42	319;1
49	373;1
49	508;1
49	636;1
49	659;1
49	738;1
49	883;1
49	939;1
49	945;1
52	604;1
53	55;1
53	339;1
55	103;1
55	246;1
55	368;1
55	372;1
55	486;1
55	631;1
56	296;1
56	436;1
56	463;1
56	583;1
56	649;1
56	685;1
56	832;1
58	416;1
58	451;1
58	627;1
68	343;1
69	6;1
69	955;1
69	987;1
72	261;1
84	181;1
84	244;1
87	490;1
87	697;1
87	728;1
87	730;1
87	861;1
88	168;1
88	206;1
88	299;1
88	343;1
92	402;1
96	380;1
96	967;1
101	346;1
104	667;1
104	926;1
104	971;1
105	222;1
106	626;1
107	929;1
109	424;1
109	767;1
110	343;1
113	16;1
113	630;1
115	753;1
118	944;1
119	35;1
119	589;1
119	879;1
120	48;1
124	34;1
130	6;1
136	208;1
138	313;1
138	926;1
148	373;1
148	740;1
154	777;1
154	841;1
154	843;1
154	875;1
154	879;1
154	929;1
154	962;1
155	13;1
155	34;1
155	54;1
155	477;1
159	120;1
159	184;1
160	183;1
165	6;1
168	764;1
173	157;1
173	603;1
179	283;1
181	14;1
181	467;1
181	526;1
181	529;1
197	440;1
197	538;1
197	872;1
200	420;1
200	498;1
202	242;1
202	248;1
203	218;1
204	966;1
205	695;1
206	750;1
208	924;1
210	203;1
210	437;1
210	859;1
214	676;1
217	148;1
217	601;1
218	259;1
218	321;1
218	405;1
218	458;1
218	965;1
221	321;1
221	889;1
224	6;1
227	23;1
227	187;1
227	343;1
227	759;1
227	954;1
228	874;1
229	601;1
229	670;1
229	795;1
237	354;1
240	308;1
241	56;1
241	697;1
241	706;1
242	32;1
242	557;1
244	71;1
244	232;1
246	253;1
246	617;1
248	350;1
248	622;1
248	668;1
248	706;1
248	982;1
248	987;1
251	113;1
253	42;1
257	65;1
259	212;1
259	307;1
259	347;1
259	379;1
259	456;1
259	488;1
259	649;1
259	737;1
259	748;1
262	304;1
264	150;1
266	367;1
266	974;1
275	206;1
275	540;1
275	647;1
275	969;1
275	998;1
277	304;1
278	248;1
278	283;1
282	108;1
282	162;1
283	832;1
288	6;1
293	220;1
295	577;1
295	919;1
296	754;1
296	901;1
296	938;1
298	757;1
298	895;1
299	225;1
300	218;1
300	372;1
300	384;1
300	419;1
300	529;1
300	561;1
300	592;1
300	636;1
301	188;1
301	315;1
306	373;1
310	94;1
321	88;1
321	504;1
321	574;1
321	636;1
321	638;1
321	764;1
321	801;1
323	269;1
324	603;1
331	402;1
335	106;1
335	113;1
343	25;1
343	375;1
343	408;1
343	557;1
343	572;1
343	592;1
343	631;1
343	638;1
343	670;1
343	689;1
343	693;1
343	769;1
343	797;1
343	887;1
343	908;1
343	990;1
343	992;1
344	926;1
345	416;1
346	101;1
347	49;1
347	187;1
347	321;1
347	522;1
347	872;1
349	968;1
350	95;1
351	584;1
351	654;1
353	87;1
353	992;1
354	229;1
354	443;1
356	947;1
357	837;1
359	306;1
360	268;1
360	754;1
360	879;1
360	926;1
360	976;1
361	168;1
361	218;1
361	895;1
362	212;1
362	610;1
364	155;1
365	766;1
366	495;1
366	925;1
368	724;1
368	979;1
369	389;1
369	437;1
369	550;1
369	709;1
370	421;1
371	283;1
371	588;1
371	617;1
371	736;1
371	747;1
372	452;1
372	844;1
376	477;1
376	636;1
376	795;1
377	420;1
377	665;1
378	576;1
378	938;1
378	982;1
379	295;1
379	426;1
379	482;1
379	577;1
379	714;1
380	208;1
382	218;1
382	466;1
384	665;1
385	300;1
386	14;1
389	92;1
389	498;1
389	516;1
389	605;1
389	665;1
390	187;1
391	350;1
392	14;1
393	300;1
393	516;1
394	577;1
397	412;1
397	477;1
397	531;1
398	25;1
399	844;1
402	607;1
403	615;1
405	420;1
406	390;1
407	397;1
408	959;1
411	491;1
412	510;1
415	283;1
416	218;1
416	581;1
416	676;1
416	926;1
418	883;1
419	14;1
419	832;1
419	919;1
420	407;1
421	370;1
421	388;1
421	526;1
422	144;1
422	229;1
422	602;1
424	502;1
424	522;1
424	576;1
424	814;1
424	895;1
424	972;1
425	500;1
428	950;1
429	347;1
433	982;1
434	270;1
435	168;1
437	382;1
437	386;1
438	261;1
438	454;1
440	492;1
440	522;1
442	697;1
443	802;1
444	218;1
444	904;1
444	985;1
445	924;1
447	270;1
447	488;1
447	493;1
448	148;1
450	113;1
450	295;1
450	306;1
450	564;1
450	724;1
451	148;1
451	270;1
451	306;1
451	439;1
451	612;1
451	647;1
451	810;1
451	918;1
452	379;1
454	358;1
455	399;1
458	388;1
458	487;1
458	724;1
458	801;1
458	961;1
459	440;1
461	206;1
461	706;1
461	964;1
466	376;1
467	15;1
467	104;1
467	148;1
467	295;1
467	350;1
467	351;1
470	85;1
470	424;1
470	493;1
470	992;1
472	844;1
472	919;1
473	55;1
473	964;1
474	295;1
474	929;1
475	251;1
475	487;1
475	759;1
477	644;1
477	830;1
477	892;1
478	92;1
478	589;1
479	119;1
479	222;1
479	321;1
479	697;1
482	351;1
482	755;1
485	423;1
486	300;1
487	786;1
487	987;1
488	622;1
490	182;1
490	978;1
490	979;1
492	967;1
493	911;1
493	919;1
493	997;1
495	388;1
498	403;1
498	407;1
499	368;1
501	421;1
502	138;1
502	674;1
502	926;1
504	391;1
505	358;1
505	397;1
506	405;1
506	521;1
507	562;1
507	747;1
508	414;1
510	34;1
511	300;1
512	343;1
513	255;1
513	300;1
513	444;1
514	87;1
514	859;1
514	924;1
515	563;1
515	584;1
522	182;1
522	241;1
522	346;1
522	551;1
522	663;1
522	695;1
522	964;1
522	969;1
522	993;1
523	94;1
526	169;1
526	204;1
526	295;1
526	338;1
526	347;1
526	367;1
526	423;1
526	550;1
526	590;1
526	608;1
526	611;1
526	697;1
526	771;1
526	925;1
526	947;1
527	255;1
527	544;1
527	929;1
529	645;1
534	601;1
535	417;1
535	622;1
538	110;1
540	202;1
540	300;1
540	558;1
540	568;1
540	736;1
543	300;1
543	926;1
544	663;1
544	790;1
545	981;1
548	680;1
548	970;1
550	377;1
550	420;1
551	343;1
551	680;1
552	321;1
552	468;1
552	608;1
552	623;1
552	738;1
552	747;1
557	168;1
557	401;1
562	274;1
563	438;1
563	446;1
563	513;1
563	724;1
564	270;1
564	554;1
564	706;1
564	740;1
566	300;1
568	416;1
569	300;1
570	182;1
572	358;1
574	55;1
574	371;1
576	837;1
577	653;1
577	947;1
580	358;1
581	514;1
581	995;1
583	306;1
583	417;1
583	619;1
583	691;1
583	830;1
583	844;1
584	653;1
584	969;1
585	306;1
585	982;1
588	208;1
588	391;1
588	435;1
588	437;1
588	651;1
588	898;1
589	104;1
590	992;1
592	367;1
592	540;1
592	588;1
594	324;1
601	58;1
601	88;1
601	343;1
601	989;1
603	498;1
604	118;1
604	222;1
604	919;1
605	540;1
605	691;1
605	697;1
605	782;1
607	932;1
607	946;1
609	466;1
611	391;1
612	25;1
612	227;1
614	929;1
615	425;1
617	346;1
617	549;1
617	931;1
617	974;1
617	981;1
618	631;1
619	155;1
619	391;1
619	954;1
619	982;1
620	584;1
622	967;1
623	56;1
623	506;1
625	366;1
625	665;1
626	358;1
626	541;1
627	388;1
629	148;1
629	802;1
630	523;1
636	391;1
636	563;1
637	714;1
638	814;1
641	498;1
644	541;1
645	110;1
645	119;1
645	391;1
645	660;1
648	371;1
648	994;1
650	23;1
651	529;1
651	706;1
654	218;1
654	451;1
655	300;1
655	568;1
655	640;1
655	739;1
655	906;1
655	928;1
657	638;1
659	49;1
660	209;1
662	510;1
662	617;1
662	757;1
662	978;1
663	255;1
664	15;1
664	724;1
664	988;1
666	165;1
666	816;1
668	228;1
668	654;1
668	771;1
669	300;1
669	343;1
669	514;1
670	354;1
670	689;1
674	355;1
674	514;1
674	577;1
675	300;1
676	335;1
676	416;1
676	811;1
679	604;1
679	982;1
680	104;1
680	296;1
680	493;1
684	466;1
685	148;1
685	379;1
685	482;1
689	241;1
689	259;1
689	926;1
692	473;1
692	601;1
692	815;1
693	472;1
694	14;1
694	697;1
694	754;1
694	810;1
694	879;1
694	931;1
694	947;1
695	482;1
695	841;1
696	384;1
696	665;1
697	52;1
697	255;1
697	638;1
697	670;1
697	719;1
697	966;1
702	717;1
706	389;1
717	706;1
719	926;1
722	492;1
724	361;1
724	845;1
724	888;1
724	973;1
736	63;1
736	68;1
736	105;1
736	206;1
736	220;1
736	244;1
736	377;1
736	758;1
736	795;1
736	892;1
736	940;1
736	968;1
738	955;1
739	576;1
739	654;1
739	770;1
739	830;1
739	938;1
746	903;1
747	56;1
747	638;1
747	897;1
748	674;1
750	946;1
752	826;1
753	482;1
753	665;1
754	19;1
754	426;1
754	503;1
754	645;1
754	695;1
754	706;1
754	714;1
754	742;1
754	883;1
754	918;1
754	942;1
754	963;1
756	776;1
758	885;1
758	894;1
759	227;1
759	601;1
763	248;1
764	368;1
766	706;1
766	904;1
766	930;1
766	969;1
769	244;1
770	396;1
776	756;1
781	34;1
786	371;1
786	736;1
786	904;1
786	968;1
787	384;1
789	709;1
790	11;1
793	791;1
795	208;1
795	343;1
795	414;1
795	436;1
795	768;1
797	360;1
797	874;1
800	371;1
800	664;1
800	741;1
800	837;1
800	985;1
801	550;1
801	689;1
801	740;1
801	754;1
804	154;1
805	11;1
805	154;1
809	154;1
811	376;1
811	756;1
814	424;1
814	647;1
815	816;1
817	154;1
818	783;1
822	810;1
825	248;1
827	168;1
827	619;1
829	154;1
829	774;1
829	870;1
830	654;1
830	789;1
830	909;1
830	968;1
834	919;1
838	68;1
838	148;1
838	947;1
841	148;1
841	356;1
841	493;1
841	959;1
842	601;1
842	762;1
842	954;1
843	743;1
844	443;1
844	467;1
844	514;1
844	622;1
845	87;1
845	251;1
846	61;1
846	482;1
846	568;1
851	554;1
851	716;1
853	946;1
855	929;1
858	984;1
859	244;1
859	795;1
859	906;1
859	919;1
861	204;1
861	343;1
861	391;1
862	118;1
865	626;1
869	491;1
869	636;1
872	101;1
874	227;1
874	617;1
874	827;1
877	473;1
877	997;1
878	154;1
879	473;1
879	584;1
879	654;1
879	877;1
879	924;1
881	695;1
883	331;1
883	676;1
884	770;1
887	154;1
888	689;1
889	942;1
891	56;1
891	92;1
891	218;1
891	270;1
891	454;1
891	487;1
891	554;1
891	711;1
891	714;1
891	801;1
891	908;1
891	977;1
891	980;1
891	983;1
894	12;1
895	104;1
895	931;1
897	747;1
898	436;1
899	794;1
900	740;1
900	766;1
905	482;1
905	968;1
906	68;1
906	395;1
906	452;1
906	692;1
906	892;1
906	976;1
908	926;1
908	995;1
909	440;1
909	926;1
911	638;1
914	785;1
914	829;1
916	953;1
918	754;1
924	724;1
924	926;1
925	531;1
926	512;1
926	714;1
926	951;1
926	990;1
928	43;1
928	57;1
928	105;1
928	270;1
928	346;1
928	367;1
928	544;1
928	631;1
928	956;1
929	55;1
929	324;1
929	339;1
930	881;1
931	836;1
935	154;1
935	524;1
935	724;1
938	555;1
946	450;1
949	334;1
949	402;1
949	602;1
949	740;1
949	847;1
949	926;1
950	343;1
950	346;1
950	378;1
950	424;1
950	562;1
950	724;1
950	843;1
950	877;1
950	991;1
952	968;1
955	738;1
957	391;1
958	792;1
958	876;1
959	35;1
959	416;1
960	221;1
963	119;1
964	612;1
964	619;1
965	994;1
966	227;1
967	34;1
967	378;1
968	391;1
969	133;1
969	623;1
969	644;1
969	739;1
969	748;1
969	911;1
969	954;1
970	526;1
971	848;1
973	724;1
974	706;1
974	815;1
976	645;1
978	12;1
979	841;1
980	645;1
980	919;1
980	921;1
980	982;1
981	919;1
982	636;1
982	645;1
985	55;1
985	619;1
985	932;1
985	991;1
987	706;1
987	995;1
988	370;1
989	16;1
989	524;1
989	895;1
989	957;1
993	228;1
995	345;1
995	376;1
996	668;1
997	458;1
998	350;1
999	626;1
999	736;1
1000	535;1
