4	7;11
6	17;11
6	35;11
6	59;11
6	72;11
6	98;11
6	123;11
6	128;11
6	149;11
6	150;11
6	175;11
6	279;11
6	285;11
7	491;11
7	576;11
7	919;11
11	399;11
11	858;11
12	395;11
14	155;11
14	168;11
14	844;11
21	201;11
22	976;11
23	416;11
29	169;11
32	65;11
32	94;11
34	7;11
34	168;11
35	684;11
36	766;11
43	259;11
43	668;11
45	292;11
49	52;11
49	179;11
49	227;11
49	375;11
49	440;11
49	477;11
49	541;11
49	706;11
49	770;11
49	949;11
49	967;11
49	987;11
52	508;11
52	648;11
53	793;11
55	104;11
55	136;11
55	143;11
55	218;11
55	308;11
55	350;11
55	440;11
55	493;11
55	564;11
55	697;11
55	997;11
56	295;11
56	665;11
57	6;11
58	61;11
58	689;11
58	800;11
58	950;11
58	973;11
58	987;11
61	104;11
61	343;11
61	627;11
64	958;11
65	108;11
68	689;11
68	838;11
69	245;11
70	6;11
74	919;11
75	299;11
84	16;11
84	697;11
86	971;11
87	733;11
93	832;11
93	904;11
95	659;11
95	706;11
96	451;11
96	589;11
97	195;11
101	905;11
103	155;11
104	736;11
104	887;11
105	7;11
105	218;11
106	491;11
109	724;11
110	622;11
113	251;11
113	762;11
115	110;11
118	343;11
118	602;11
118	801;11
119	109;11
119	376;11
119	592;11
119	979;11
124	244;11
130	68;11
131	244;11
133	92;11
136	92;11
138	330;11
140	162;11
141	526;11
147	330;11
148	443;11
148	844;11
154	744;11
154	871;11
154	883;11
154	897;11
154	916;11
154	940;11
154	956;11
155	711;11
168	997;11
169	299;11
172	71;11
173	714;11
181	49;11
181	104;11
181	204;11
181	570;11
181	617;11
181	679;11
182	441;11
182	968;11
194	90;11
200	37;11
200	443;11
202	14;11
202	15;11
202	912;11
204	493;11
206	583;11
207	6;11
208	540;11
210	346;11
212	837;11
217	801;11
218	95;11
218	419;11
218	581;11
218	860;11
218	939;11
220	244;11
222	271;11
225	281;11
227	13;11
227	268;11
227	836;11
228	11;11
228	23;11
228	467;11
228	742;11
228	754;11
229	255;11
229	997;11
232	330;11
233	149;11
237	436;11
237	716;11
238	304;11
244	100;11
245	583;11
246	343;11
246	738;11
248	107;11
248	275;11
248	569;11
248	607;11
248	664;11
251	157;11
251	248;11
251	830;11
253	228;11
254	6;11
255	983;11
257	71;11
257	240;11
259	21;11
259	75;11
259	267;11
259	271;11
259	394;11
259	493;11
259	659;11
259	753;11
259	766;11
259	791;11
259	862;11
259	879;11
259	966;11
261	184;11
261	241;11
264	227;11
266	659;11
267	373;11
270	350;11
270	714;11
270	969;11
271	526;11
273	201;11
275	965;11
282	244;11
293	203;11
295	94;11
295	218;11
295	661;11
295	714;11
296	968;11
298	801;11
300	353;11
300	359;11
300	388;11
300	513;11
300	516;11
300	522;11
300	596;11
300	616;11
306	35;11
308	169;11
308	172;11
321	129;11
321	251;11
321	259;11
321	362;11
321	482;11
321	538;11
321	679;11
321	738;11
330	313;11
331	373;11
331	594;11
332	208;11
339	237;11
343	35;11
343	169;11
343	367;11
343	419;11
343	452;11
343	512;11
343	630;11
343	822;11
343	874;11
343	978;11
344	454;11
347	351;11
347	590;11
347	612;11
347	985;11
349	49;11
350	52;11
350	493;11
350	646;11
350	837;11
350	847;11
350	859;11
351	475;11
352	982;11
353	96;11
353	148;11
353	331;11
353	702;11
354	63;11
354	296;11
355	623;11
356	426;11
356	736;11
356	832;11
357	619;11
359	182;11
359	546;11
360	241;11
360	584;11
360	607;11
360	669;11
360	949;11
360	985;11
361	689;11
361	924;11
362	321;11
362	984;11
363	168;11
363	979;11
368	148;11
368	577;11
369	412;11
370	844;11
371	23;11
371	241;11
371	808;11
371	961;11
372	358;11
373	23;11
373	168;11
373	181;11
373	376;11
373	526;11
373	618;11
373	859;11
373	955;11
374	479;11
375	874;11
376	11;11
377	417;11
380	115;11
380	588;11
383	92;11
383	607;11
383	759;11
385	584;11
386	514;11
388	68;11
388	115;11
390	397;11
390	506;11
390	984;11
391	580;11
391	607;11
391	631;11
392	68;11
392	514;11
395	514;11
395	524;11
397	502;11
397	637;11
398	95;11
398	227;11
398	440;11
399	295;11
399	438;11
402	331;11
403	426;11
404	300;11
404	506;11
406	622;11
407	92;11
411	477;11
411	563;11
411	706;11
412	389;11
412	498;11
412	521;11
413	559;11
414	979;11
415	376;11
415	493;11
416	601;11
416	845;11
416	872;11
418	271;11
418	526;11
418	618;11
418	631;11
419	376;11
419	564;11
421	844;11
422	137;11
422	343;11
422	356;11
422	479;11
422	706;11
422	709;11
424	35;11
424	187;11
424	926;11
426	182;11
426	358;11
426	505;11
426	748;11
429	664;11
436	493;11
436	928;11
436	982;11
437	300;11
438	36;11
438	394;11
440	155;11
440	438;11
440	557;11
440	603;11
440	747;11
442	182;11
443	770;11
443	926;11
444	740;11
444	859;11
444	942;11
446	426;11
447	982;11
448	416;11
450	836;11
450	929;11
451	419;11
454	403;11
454	738;11
455	66;11
456	539;11
458	549;11
458	759;11
458	974;11
466	358;11
466	477;11
466	748;11
467	759;11
468	403;11
470	419;11
470	540;11
470	563;11
470	706;11
473	636;11
475	697;11
475	736;11
475	967;11
475	979;11
477	13;11
482	438;11
482	514;11
482	797;11
483	588;11
485	584;11
486	518;11
487	227;11
487	584;11
487	607;11
487	926;11
488	422;11
490	58;11
490	148;11
490	883;11
492	526;11
492	601;11
493	118;11
493	119;11
493	590;11
493	761;11
498	11;11
501	847;11
502	56;11
502	679;11
502	748;11
502	954;11
502	988;11
503	982;11
506	412;11
506	417;11
506	598;11
507	56;11
507	335;11
509	598;11
509	637;11
510	110;11
511	563;11
512	87;11
512	422;11
512	622;11
512	724;11
514	376;11
514	662;11
514	689;11
514	748;11
514	869;11
514	987;11
516	642;11
521	714;11
522	19;11
522	101;11
522	246;11
522	426;11
522	694;11
522	994;11
526	7;11
526	157;11
526	222;11
526	285;11
526	354;11
526	503;11
526	602;11
526	643;11
526	645;11
526	650;11
526	659;11
526	808;11
526	854;11
526	898;11
526	967;11
526	984;11
527	168;11
527	524;11
528	68;11
529	697;11
529	995;11
533	645;11
534	479;11
534	764;11
534	982;11
539	229;11
539	371;11
539	424;11
539	719;11
539	952;11
540	49;11
540	859;11
541	645;11
543	645;11
543	883;11
544	200;11
544	895;11
550	300;11
550	630;11
551	182;11
551	270;11
551	418;11
551	602;11
551	790;11
551	978;11
552	399;11
552	479;11
552	482;11
552	547;11
552	620;11
552	888;11
554	68;11
554	946;11
556	270;11
557	479;11
557	963;11
557	968;11
557	988;11
563	626;11
564	321;11
564	988;11
565	500;11
566	248;11
568	514;11
569	7;11
569	14;11
569	544;11
569	815;11
569	988;11
574	300;11
574	919;11
576	416;11
582	381;11
582	425;11
583	52;11
583	445;11
583	621;11
583	904;11
583	929;11
583	949;11
583	967;11
584	295;11
584	389;11
584	537;11
584	624;11
584	917;11
585	659;11
585	929;11
588	58;11
588	259;11
588	440;11
588	847;11
589	96;11
589	477;11
589	968;11
590	7;11
590	391;11
590	742;11
591	118;11
594	11;11
599	466;11
600	118;11
601	208;11
601	842;11
601	967;11
602	110;11
604	23;11
604	227;11
604	248;11
604	986;11
605	377;11
605	766;11
607	227;11
607	422;11
607	759;11
607	879;11
609	168;11
610	557;11
610	589;11
610	967;11
612	588;11
612	979;11
613	7;11
615	468;11
617	52;11
617	619;11
617	947;11
618	652;11
619	110;11
619	208;11
619	248;11
619	371;11
619	674;11
619	981;11
619	992;11
621	115;11
625	307;11
625	466;11
626	366;11
626	801;11
627	218;11
627	798;11
627	801;11
627	919;11
629	740;11
629	982;11
630	148;11
630	514;11
631	581;11
634	668;11
636	84;11
636	531;11
636	909;11
641	358;11
643	21;11
643	182;11
645	56;11
645	430;11
645	461;11
645	568;11
645	879;11
645	976;11
647	697;11
649	534;11
649	823;11
651	583;11
652	512;11
654	697;11
654	747;11
654	979;11
655	88;11
655	325;11
655	810;11
656	300;11
659	227;11
659	360;11
659	892;11
661	451;11
662	424;11
663	891;11
664	123;11
664	229;11
664	534;11
664	601;11
664	967;11
665	559;11
665	599;11
666	754;11
668	430;11
668	618;11
668	721;11
668	931;11
669	227;11
669	402;11
670	458;11
670	845;11
672	300;11
673	619;11
674	869;11
674	987;11
676	204;11
676	510;11
679	969;11
680	23;11
680	148;11
680	300;11
680	540;11
680	548;11
680	964;11
684	25;11
684	458;11
684	841;11
685	372;11
685	403;11
689	549;11
689	740;11
689	767;11
689	967;11
692	906;11
693	300;11
694	106;11
694	662;11
694	786;11
694	994;11
695	526;11
695	697;11
695	998;11
697	543;11
697	604;11
702	259;11
706	335;11
706	391;11
706	588;11
706	645;11
706	905;11
706	926;11
709	66;11
709	369;11
712	722;11
714	92;11
714	552;11
715	128;11
715	717;11
719	479;11
719	647;11
724	865;11
724	954;11
736	101;11
736	227;11
736	246;11
736	268;11
736	646;11
736	655;11
736	706;11
736	837;11
736	954;11
736	973;11
736	979;11
736	995;11
738	246;11
738	450;11
739	987;11
740	670;11
740	919;11
741	451;11
742	861;11
742	926;11
742	940;11
742	968;11
745	154;11
745	953;11
747	55;11
747	697;11
747	742;11
747	887;11
747	976;11
750	19;11
750	929;11
753	645;11
754	107;11
754	110;11
754	169;11
754	212;11
754	232;11
754	376;11
754	420;11
754	440;11
754	636;11
754	647;11
754	975;11
754	988;11
755	360;11
757	56;11
757	947;11
758	11;11
759	95;11
761	253;11
765	850;11
766	741;11
767	296;11
767	564;11
767	999;11
768	490;11
768	764;11
770	228;11
770	526;11
770	544;11
770	838;11
774	780;11
775	735;11
782	758;11
782	870;11
786	266;11
786	692;11
790	617;11
791	105;11
791	123;11
791	594;11
791	758;11
791	805;11
791	820;11
792	14;11
795	183;11
795	251;11
795	347;11
795	350;11
795	659;11
795	706;11
795	837;11
797	894;11
798	154;11
799	736;11
800	998;11
801	395;11
801	486;11
802	55;11
805	451;11
805	510;11
808	154;11
810	938;11
811	478;11
813	535;11
813	786;11
814	697;11
815	502;11
815	743;11
816	423;11
819	914;11
822	809;11
822	953;11
825	113;11
825	182;11
825	360;11
825	891;11
828	799;11
828	806;11
828	911;11
830	148;11
830	645;11
831	790;11
831	946;11
836	906;11
837	350;11
837	357;11
837	919;11
838	96;11
838	946;11
841	424;11
841	684;11
842	376;11
844	106;11
844	113;11
844	440;11
845	540;11
845	736;11
845	759;11
845	811;11
850	867;11
851	569;11
851	938;11
853	801;11
855	16;11
858	523;11
859	295;11
859	473;11
859	589;11
864	538;11
869	668;11
871	676;11
871	719;11
874	479;11
874	676;11
877	521;11
879	968;11
879	987;11
883	461;11
883	514;11
884	376;11
887	770;11
888	321;11
888	335;11
888	544;11
888	622;11
889	282;11
891	101;11
891	119;11
891	391;11
891	397;11
891	444;11
891	508;11
891	585;11
891	604;11
891	629;11
891	719;11
891	737;11
891	949;11
891	986;11
895	118;11
895	372;11
895	830;11
895	955;11
897	619;11
897	697;11
898	522;11
900	154;11
900	321;11
900	617;11
900	619;11
904	588;11
904	684;11
904	876;11
905	440;11
905	668;11
906	106;11
906	154;11
906	454;11
906	740;11
908	694;11
909	7;11
911	994;11
915	697;11
918	227;11
922	154;11
924	104;11
924	757;11
925	905;11
926	270;11
926	830;11
926	976;11
926	999;11
928	12;11
928	56;11
928	118;11
928	209;11
928	246;11
928	264;11
928	345;11
928	379;11
928	484;11
928	588;11
928	602;11
928	742;11
928	895;11
929	501;11
929	988;11
930	843;11
931	350;11
931	397;11
931	757;11
931	825;11
932	938;11
935	551;11
935	719;11
935	891;11
939	230;11
945	695;11
946	373;11
949	362;11
949	883;11
949	957;11
949	969;11
949	971;11
949	979;11
950	23;11
950	526;11
950	627;11
950	972;11
950	973;11
951	440;11
951	881;11
953	850;11
955	367;11
955	624;11
955	929;11
955	965;11
958	793;11
959	229;11
959	458;11
959	624;11
964	791;11
965	443;11
967	96;11
967	104;11
967	347;11
967	993;11
969	664;11
969	905;11
969	987;11
969	999;11
971	470;11
971	694;11
974	23;11
974	137;11
974	182;11
974	227;11
974	522;11
974	982;11
977	802;11
978	52;11
978	662;11
979	638;11
979	848;11
979	957;11
980	424;11
980	526;11
980	976;11
982	924;11
983	546;11
983	798;11
984	7;11
984	148;11
984	376;11
985	388;11
985	926;11
986	182;11
987	268;11
987	697;11
987	884;11
988	12;11
988	218;11
988	479;11
988	491;11
991	815;11
993	450;11
995	719;11
996	618;11
996	938;11
996	983;11
998	110;11
998	919;11
