1	5;4
2	7;4
2	9;4
3	2;4
4	588;4
6	11;4
6	16;4
6	46;4
6	134;4
6	160;4
6	167;4
6	196;4
6	199;4
6	217;4
6	287;4
6	289;4
6	290;4
6	293;4
6	318;4
6	321;4
6	331;4
6	333;4
7	182;4
7	747;4
7	830;4
7	954;4
9	3;4
11	109;4
11	454;4
11	632;4
11	747;4
12	583;4
12	719;4
12	894;4
14	128;4
14	419;4
15	972;4
16	306;4
22	982;4
23	740;4
23	809;4
23	982;4
29	244;4
34	695;4
35	11;4
37	94;4
37	420;4
37	653;4
41	446;4
43	959;4
47	6;4
49	261;4
49	307;4
49	467;4
49	513;4
49	622;4
49	782;4
49	955;4
49	985;4
52	229;4
52	343;4
52	610;4
52	740;4
52	987;4
53	510;4
55	38;4
55	43;4
55	574;4
55	585;4
55	614;4
55	664;4
55	898;4
55	931;4
55	939;4
55	975;4
56	55;4
56	422;4
56	540;4
56	564;4
56	684;4
56	697;4
56	927;4
56	968;4
56	988;4
58	622;4
66	52;4
66	619;4
69	256;4
69	924;4
74	697;4
75	201;4
82	714;4
83	261;4
84	221;4
84	986;4
84	988;4
88	303;4
92	35;4
94	321;4
97	174;4
98	398;4
99	45;4
100	133;4
101	747;4
110	689;4
110	995;4
115	248;4
115	827;4
118	354;4
118	526;4
119	6;4
119	41;4
119	937;4
119	984;4
119	988;4
122	724;4
124	155;4
124	949;4
146	315;4
148	324;4
148	493;4
148	581;4
148	924;4
148	989;4
152	42;4
154	745;4
154	768;4
154	846;4
154	852;4
154	898;4
154	903;4
154	941;4
154	948;4
155	490;4
156	157;4
157	919;4
158	862;4
159	6;4
159	210;4
169	100;4
172	29;4
173	422;4
179	288;4
179	617;4
179	791;4
181	343;4
181	954;4
203	293;4
203	317;4
204	706;4
205	85;4
208	647;4
209	337;4
210	619;4
210	697;4
212	526;4
212	721;4
217	6;4
217	622;4
218	512;4
218	540;4
218	638;4
220	257;4
220	844;4
222	769;4
227	229;4
227	371;4
227	388;4
227	592;4
227	800;4
227	810;4
227	974;4
228	514;4
229	218;4
232	75;4
232	754;4
237	564;4
240	75;4
248	25;4
251	662;4
252	343;4
253	259;4
255	168;4
257	313;4
259	16;4
259	52;4
259	150;4
259	182;4
259	187;4
259	251;4
259	368;4
259	522;4
259	556;4
259	602;4
259	631;4
259	673;4
259	697;4
259	754;4
259	938;4
266	467;4
270	544;4
270	556;4
270	668;4
271	206;4
275	23;4
275	374;4
280	233;4
283	976;4
288	321;4
293	313;4
295	412;4
295	423;4
295	685;4
295	924;4
296	740;4
298	218;4
299	21;4
300	55;4
300	355;4
300	441;4
300	443;4
300	511;4
300	515;4
300	569;4
300	689;4
305	212;4
306	689;4
308	203;4
318	822;4
321	196;4
321	388;4
321	474;4
321	585;4
321	629;4
321	633;4
321	668;4
324	487;4
324	836;4
331	11;4
335	440;4
343	63;4
343	85;4
343	95;4
343	107;4
343	222;4
343	259;4
343	438;4
343	468;4
343	470;4
343	540;4
343	556;4
343	598;4
343	669;4
343	919;4
343	965;4
346	179;4
346	791;4
347	55;4
349	645;4
350	14;4
350	764;4
350	810;4
350	926;4
351	394;4
354	208;4
355	439;4
355	674;4
356	307;4
356	438;4
356	531;4
356	557;4
356	625;4
357	354;4
357	697;4
357	836;4
358	626;4
359	990;4
360	137;4
360	617;4
360	629;4
361	104;4
361	608;4
361	997;4
362	724;4
365	588;4
365	974;4
366	300;4
366	351;4
366	858;4
367	506;4
367	932;4
368	15;4
368	95;4
371	275;4
371	534;4
371	539;4
371	619;4
373	312;4
373	670;4
373	763;4
373	997;4
374	107;4
376	154;4
376	988;4
377	506;4
378	737;4
383	41;4
383	968;4
385	439;4
386	369;4
386	443;4
386	540;4
388	992;4
389	412;4
390	563;4
391	14;4
391	321;4
394	881;4
395	412;4
396	514;4
397	638;4
397	724;4
398	706;4
399	457;4
399	634;4
402	407;4
402	641;4
402	669;4
408	706;4
410	799;4
412	377;4
413	498;4
416	540;4
417	300;4
417	550;4
417	689;4
418	35;4
418	453;4
418	570;4
418	680;4
419	182;4
419	259;4
419	343;4
419	383;4
419	470;4
419	514;4
419	617;4
420	384;4
420	523;4
420	559;4
422	26;4
422	126;4
422	300;4
422	307;4
422	424;4
422	430;4
422	454;4
422	527;4
422	645;4
422	766;4
422	830;4
423	343;4
424	974;4
426	498;4
426	537;4
428	697;4
435	300;4
435	540;4
437	455;4
437	493;4
438	482;4
439	403;4
440	16;4
440	255;4
440	721;4
440	734;4
440	736;4
440	859;4
440	974;4
442	104;4
442	300;4
443	859;4
444	482;4
444	512;4
444	680;4
446	425;4
446	531;4
446	665;4
447	113;4
448	56;4
448	61;4
450	182;4
450	466;4
450	510;4
450	512;4
450	647;4
450	736;4
450	926;4
451	96;4
451	362;4
451	388;4
451	572;4
451	654;4
451	694;4
451	995;4
452	426;4
453	697;4
454	300;4
454	468;4
454	909;4
454	932;4
456	16;4
456	507;4
456	601;4
456	695;4
458	350;4
458	845;4
458	908;4
460	11;4
460	300;4
461	168;4
461	208;4
461	300;4
467	458;4
467	938;4
470	507;4
470	510;4
470	887;4
473	187;4
473	371;4
473	759;4
474	397;4
475	118;4
475	538;4
475	584;4
477	321;4
477	463;4
477	897;4
478	441;4
479	182;4
479	759;4
481	473;4
484	487;4
485	766;4
487	350;4
488	259;4
490	968;4
492	479;4
492	724;4
493	442;4
493	546;4
496	577;4
498	118;4
498	300;4
498	521;4
501	999;4
502	148;4
502	371;4
502	645;4
505	384;4
505	498;4
507	926;4
508	926;4
512	450;4
513	786;4
513	813;4
514	7;4
514	424;4
514	919;4
516	525;4
518	486;4
521	665;4
522	56;4
522	147;4
522	204;4
522	343;4
522	493;4
522	679;4
522	837;4
522	997;4
526	64;4
526	113;4
526	119;4
526	143;4
526	165;4
526	227;4
526	343;4
526	371;4
526	454;4
526	495;4
526	527;4
526	538;4
526	575;4
526	795;4
526	889;4
526	895;4
526	917;4
527	306;4
527	935;4
529	676;4
531	56;4
534	638;4
534	985;4
535	255;4
535	534;4
535	697;4
535	815;4
535	891;4
537	358;4
537	407;4
538	181;4
538	398;4
538	721;4
539	440;4
539	967;4
540	104;4
540	343;4
540	380;4
540	426;4
540	638;4
543	168;4
543	837;4
544	360;4
544	844;4
547	955;4
548	367;4
548	583;4
549	182;4
549	754;4
550	417;4
551	228;4
551	736;4
552	148;4
552	659;4
552	675;4
556	514;4
557	229;4
557	931;4
559	407;4
561	104;4
562	11;4
562	994;4
563	390;4
563	424;4
563	498;4
563	517;4
563	592;4
563	666;4
563	684;4
563	688;4
564	16;4
564	259;4
564	697;4
564	919;4
564	961;4
568	577;4
569	424;4
569	493;4
569	507;4
569	540;4
569	969;4
570	584;4
571	399;4
574	209;4
574	259;4
576	101;4
577	496;4
580	446;4
581	844;4
581	869;4
581	982;4
581	984;4
582	565;4
583	212;4
583	271;4
583	408;4
583	426;4
583	514;4
583	529;4
583	939;4
583	985;4
584	182;4
584	227;4
584	757;4
584	982;4
585	113;4
585	601;4
586	167;4
586	306;4
588	56;4
588	495;4
588	968;4
588	976;4
589	741;4
589	879;4
590	87;4
590	304;4
590	466;4
590	973;4
592	551;4
597	606;4
598	423;4
598	521;4
599	714;4
600	321;4
600	493;4
601	367;4
601	371;4
601	487;4
601	581;4
601	695;4
601	697;4
603	181;4
603	430;4
603	508;4
604	695;4
605	484;4
605	546;4
605	806;4
605	948;4
607	402;4
607	724;4
607	815;4
607	995;4
608	248;4
608	259;4
610	16;4
612	343;4
612	668;4
612	970;4
615	412;4
617	18;4
617	22;4
617	94;4
617	113;4
617	614;4
619	43;4
619	115;4
619	482;4
619	538;4
619	721;4
619	738;4
622	581;4
622	968;4
624	384;4
624	955;4
626	550;4
627	19;4
627	87;4
628	23;4
628	182;4
629	664;4
629	927;4
629	979;4
631	493;4
631	924;4
631	969;4
632	498;4
636	380;4
636	493;4
636	743;4
638	87;4
638	443;4
638	540;4
638	879;4
639	167;4
641	376;4
641	955;4
642	582;4
644	454;4
645	437;4
646	736;4
649	510;4
649	526;4
649	800;4
649	815;4
650	168;4
650	972;4
651	275;4
652	407;4
652	992;4
654	675;4
654	952;4
655	259;4
655	576;4
655	754;4
656	786;4
658	721;4
659	228;4
659	494;4
659	679;4
660	502;4
660	614;4
660	984;4
662	255;4
662	619;4
663	259;4
663	697;4
664	55;4
664	493;4
664	583;4
664	924;4
665	397;4
666	724;4
668	255;4
668	531;4
668	651;4
668	954;4
669	622;4
669	897;4
670	588;4
670	607;4
670	847;4
670	982;4
670	987;4
671	617;4
671	969;4
673	536;4
674	995;4
675	654;4
676	106;4
676	415;4
676	724;4
676	736;4
676	949;4
676	967;4
677	187;4
677	430;4
678	52;4
678	514;4
679	654;4
680	604;4
680	618;4
680	646;4
680	971;4
680	974;4
682	841;4
684	58;4
684	300;4
684	584;4
684	714;4
685	653;4
690	23;4
690	115;4
692	7;4
694	45;4
694	674;4
694	954;4
694	975;4
695	837;4
696	351;4
696	521;4
706	831;4
708	514;4
714	407;4
714	637;4
719	87;4
722	734;4
724	388;4
724	622;4
724	638;4
724	929;4
724	935;4
734	440;4
734	706;4
736	212;4
736	337;4
736	417;4
736	450;4
736	668;4
736	748;4
736	797;4
736	830;4
736	884;4
736	974;4
738	552;4
739	110;4
739	697;4
739	967;4
740	706;4
740	844;4
741	251;4
741	950;4
742	747;4
743	107;4
745	922;4
747	637;4
748	639;4
749	746;4
749	903;4
750	697;4
752	822;4
753	241;4
753	636;4
753	969;4
754	228;4
754	438;4
754	477;4
754	583;4
754	614;4
754	757;4
754	799;4
754	964;4
754	982;4
757	791;4
759	52;4
761	148;4
761	440;4
761	905;4
763	954;4
764	987;4
766	537;4
768	689;4
769	61;4
769	85;4
769	881;4
769	926;4
770	660;4
770	801;4
771	56;4
771	979;4
773	778;4
781	343;4
781	815;4
791	259;4
791	617;4
791	756;4
791	808;4
791	850;4
791	969;4
793	759;4
795	295;4
795	416;4
795	419;4
795	442;4
800	118;4
801	148;4
801	380;4
801	625;4
801	782;4
805	526;4
809	950;4
810	154;4
810	350;4
810	752;4
810	918;4
811	724;4
813	754;4
814	540;4
814	759;4
815	433;4
815	804;4
816	879;4
819	829;4
822	373;4
822	526;4
822	929;4
822	939;4
823	7;4
830	581;4
830	995;4
836	594;4
836	822;4
836	973;4
841	68;4
841	437;4
841	541;4
843	110;4
843	954;4
845	967;4
845	995;4
846	998;4
848	296;4
848	638;4
851	154;4
854	639;4
855	12;4
858	228;4
861	182;4
864	34;4
869	739;4
869	918;4
871	919;4
874	343;4
874	607;4
876	607;4
877	904;4
879	348;4
879	481;4
881	482;4
881	535;4
882	154;4
883	376;4
883	795;4
883	964;4
884	440;4
886	154;4
887	451;4
887	645;4
887	976;4
891	94;4
891	104;4
891	113;4
891	124;4
891	347;4
891	484;4
891	664;4
891	925;4
892	376;4
895	168;4
895	454;4
898	321;4
898	491;4
898	617;4
899	820;4
899	902;4
900	639;4
900	979;4
904	476;4
905	859;4
905	984;4
906	206;4
906	947;4
907	791;4
909	454;4
909	514;4
909	971;4
911	155;4
911	970;4
918	327;4
919	148;4
919	514;4
919	645;4
919	684;4
921	667;4
923	791;4
924	296;4
924	679;4
925	148;4
925	747;4
925	987;4
926	56;4
926	697;4
926	954;4
926	986;4
927	896;4
928	217;4
928	359;4
928	451;4
928	524;4
928	786;4
929	569;4
929	969;4
930	862;4
931	482;4
931	795;4
938	110;4
938	905;4
939	689;4
939	961;4
947	388;4
947	473;4
949	603;4
949	635;4
949	753;4
949	795;4
949	841;4
949	877;4
949	928;4
949	998;4
950	68;4
950	454;4
950	618;4
950	741;4
950	919;4
950	946;4
950	947;4
952	25;4
952	622;4
955	577;4
957	228;4
959	306;4
960	461;4
963	808;4
963	926;4
965	547;4
966	244;4
967	58;4
967	270;4
967	321;4
967	493;4
967	845;4
969	763;4
969	919;4
969	985;4
969	994;4
970	212;4
974	371;4
974	440;4
974	589;4
974	605;4
974	931;4
975	197;4
975	798;4
978	104;4
978	736;4
978	997;4
979	118;4
979	926;4
982	7;4
983	350;4
984	581;4
984	600;4
984	603;4
984	636;4
984	972;4
985	617;4
985	800;4
986	343;4
986	477;4
987	270;4
987	946;4
988	335;4
988	978;4
989	361;4
989	415;4
989	676;4
991	950;4
992	800;4
992	926;4
993	801;4
993	982;4
994	502;4
995	971;4
995	993;4
997	55;4
997	618;4
998	982;4
999	619;4
