6	79;9
6	80;9
6	141;9
6	163;9
6	176;9
6	305;9
6	341;9
7	95;9
7	514;9
7	844;9
7	988;9
11	337;9
12	822;9
13	255;9
14	104;9
14	218;9
14	526;9
14	584;9
14	588;9
16	416;9
22	493;9
23	895;9
29	100;9
29	225;9
29	313;9
34	706;9
34	978;9
35	450;9
35	622;9
37	376;9
39	321;9
43	34;9
49	63;9
49	107;9
49	228;9
49	411;9
49	487;9
49	493;9
49	526;9
49	555;9
49	952;9
51	130;9
52	255;9
52	982;9
53	428;9
53	859;9
55	245;9
55	423;9
55	461;9
55	466;9
55	544;9
55	625;9
55	638;9
55	802;9
55	974;9
56	580;9
56	609;9
56	669;9
58	629;9
61	919;9
65	203;9
68	492;9
69	15;9
69	837;9
69	931;9
73	14;9
73	522;9
82	169;9
83	323;9
84	218;9
85	822;9
87	716;9
87	718;9
96	569;9
96	662;9
97	207;9
100	21;9
101	187;9
104	510;9
104	589;9
104	664;9
104	924;9
105	255;9
105	619;9
106	844;9
110	168;9
110	967;9
113	743;9
115	437;9
115	969;9
119	34;9
119	947;9
123	664;9
129	422;9
136	6;9
137	321;9
138	133;9
145	539;9
148	106;9
148	697;9
150	410;9
154	735;9
154	736;9
154	742;9
154	743;9
154	776;9
154	781;9
154	801;9
154	807;9
154	818;9
154	847;9
154	864;9
154	926;9
154	947;9
157	156;9
159	172;9
159	201;9
159	203;9
159	258;9
162	29;9
165	212;9
165	638;9
168	574;9
179	851;9
180	6;9
183	974;9
188	152;9
191	6;9
196	508;9
200	985;9
201	33;9
203	6;9
204	979;9
205	467;9
205	972;9
208	447;9
209	259;9
210	343;9
210	645;9
218	244;9
218	353;9
218	416;9
218	418;9
218	563;9
218	592;9
218	983;9
225	100;9
227	248;9
228	182;9
228	253;9
228	378;9
228	581;9
228	668;9
229	259;9
229	353;9
229	371;9
229	987;9
232	65;9
232	162;9
235	304;9
238	215;9
242	202;9
244	25;9
244	240;9
245	347;9
251	7;9
251	924;9
251	946;9
253	761;9
259	14;9
259	50;9
259	58;9
259	96;9
259	331;9
259	351;9
259	361;9
259	391;9
259	460;9
259	467;9
259	574;9
259	706;9
259	770;9
261	49;9
261	72;9
266	11;9
266	103;9
266	128;9
266	535;9
266	736;9
269	118;9
270	248;9
273	299;9
275	92;9
275	148;9
275	227;9
275	670;9
275	949;9
275	988;9
282	889;9
291	321;9
292	31;9
293	71;9
293	232;9
295	420;9
295	521;9
295	946;9
298	52;9
298	544;9
298	568;9
298	800;9
299	172;9
300	348;9
300	379;9
300	425;9
300	430;9
300	451;9
300	476;9
300	496;9
300	533;9
300	560;9
300	588;9
300	617;9
300	657;9
300	674;9
300	681;9
300	682;9
306	946;9
313	65;9
315	301;9
317	21;9
317	108;9
321	244;9
321	552;9
321	620;9
321	680;9
321	844;9
321	974;9
324	113;9
324	636;9
324	964;9
330	299;9
331	995;9
335	148;9
335	982;9
337	133;9
338	299;9
338	724;9
343	56;9
343	299;9
343	334;9
343	407;9
343	522;9
343	558;9
343	724;9
343	795;9
343	805;9
343	843;9
344	182;9
344	973;9
346	697;9
350	35;9
350	182;9
350	538;9
350	636;9
350	801;9
350	998;9
351	255;9
353	218;9
353	408;9
353	540;9
353	646;9
353	706;9
354	466;9
354	502;9
354	522;9
356	49;9
356	950;9
357	522;9
358	641;9
359	251;9
359	305;9
360	94;9
360	110;9
360	388;9
360	801;9
361	987;9
362	992;9
364	376;9
365	343;9
365	361;9
365	663;9
367	439;9
367	666;9
368	391;9
368	706;9
371	347;9
371	569;9
371	649;9
371	770;9
372	468;9
372	521;9
373	306;9
373	367;9
373	562;9
373	926;9
376	343;9
377	358;9
378	564;9
380	306;9
386	343;9
388	251;9
389	379;9
389	736;9
390	446;9
391	374;9
397	801;9
401	736;9
402	987;9
403	505;9
403	563;9
405	300;9
406	248;9
408	259;9
409	367;9
410	248;9
410	624;9
411	16;9
411	300;9
411	984;9
412	598;9
414	665;9
414	685;9
414	844;9
415	350;9
415	371;9
415	450;9
415	938;9
416	68;9
416	255;9
416	458;9
416	622;9
416	689;9
416	759;9
417	594;9
417	999;9
418	540;9
418	676;9
418	759;9
418	969;9
420	844;9
422	18;9
422	133;9
422	406;9
422	526;9
422	549;9
422	985;9
423	469;9
424	110;9
424	347;9
424	373;9
424	607;9
424	638;9
424	767;9
424	946;9
424	971;9
424	995;9
428	300;9
435	759;9
436	490;9
437	227;9
437	622;9
438	26;9
438	545;9
438	989;9
439	377;9
440	581;9
440	697;9
440	770;9
440	925;9
441	684;9
441	762;9
442	638;9
444	251;9
444	575;9
444	607;9
444	736;9
444	742;9
445	302;9
445	583;9
447	844;9
447	926;9
448	58;9
448	296;9
448	383;9
450	7;9
450	155;9
450	168;9
450	300;9
450	544;9
450	559;9
450	954;9
450	972;9
451	87;9
451	113;9
451	390;9
451	971;9
451	974;9
452	653;9
454	526;9
454	583;9
454	638;9
455	447;9
456	646;9
458	110;9
458	217;9
466	218;9
466	526;9
466	724;9
467	312;9
467	739;9
468	412;9
470	534;9
470	664;9
473	212;9
473	697;9
473	757;9
477	96;9
477	360;9
477	619;9
479	14;9
482	451;9
482	645;9
485	331;9
485	563;9
486	495;9
488	577;9
489	483;9
491	495;9
492	424;9
492	995;9
493	52;9
493	569;9
493	719;9
493	915;9
495	929;9
498	259;9
498	388;9
498	830;9
498	862;9
502	300;9
502	965;9
502	972;9
502	991;9
503	168;9
503	548;9
506	439;9
506	508;9
507	622;9
508	810;9
508	919;9
509	506;9
512	919;9
513	92;9
515	510;9
519	119;9
519	601;9
521	358;9
521	403;9
522	34;9
522	49;9
522	376;9
522	398;9
522	971;9
526	16;9
526	327;9
526	372;9
526	399;9
526	410;9
526	444;9
526	492;9
526	507;9
526	540;9
526	607;9
526	680;9
526	695;9
526	740;9
526	989;9
527	92;9
527	576;9
529	453;9
529	724;9
531	623;9
534	187;9
534	371;9
534	539;9
535	706;9
535	881;9
538	227;9
538	590;9
538	968;9
539	87;9
539	368;9
539	479;9
539	662;9
540	110;9
540	604;9
540	974;9
540	985;9
541	451;9
542	619;9
543	15;9
543	544;9
543	971;9
544	321;9
544	388;9
544	654;9
544	891;9
544	925;9
546	255;9
547	577;9
548	11;9
549	970;9
551	25;9
551	491;9
551	673;9
551	697;9
551	921;9
551	992;9
552	372;9
552	607;9
552	714;9
556	859;9
557	13;9
557	19;9
557	895;9
557	994;9
558	87;9
558	399;9
558	503;9
558	789;9
560	457;9
563	204;9
563	426;9
563	436;9
563	477;9
563	490;9
563	500;9
563	567;9
563	634;9
563	877;9
564	436;9
564	859;9
566	926;9
568	580;9
568	919;9
568	995;9
569	119;9
569	148;9
569	251;9
569	477;9
570	625;9
572	563;9
574	652;9
574	655;9
575	638;9
576	743;9
577	255;9
577	665;9
577	984;9
577	990;9
580	367;9
581	622;9
581	974;9
582	597;9
583	168;9
583	308;9
583	454;9
583	522;9
583	541;9
583	585;9
584	721;9
584	929;9
585	259;9
588	15;9
588	110;9
588	300;9
588	489;9
588	512;9
588	524;9
589	248;9
589	827;9
590	104;9
590	481;9
590	540;9
590	680;9
591	762;9
592	461;9
592	759;9
594	526;9
598	366;9
598	407;9
598	714;9
599	407;9
599	759;9
600	56;9
600	697;9
600	984;9
601	228;9
601	229;9
601	645;9
601	757;9
601	764;9
601	971;9
603	155;9
603	306;9
604	197;9
604	229;9
604	306;9
604	592;9
604	888;9
605	92;9
605	376;9
607	283;9
607	350;9
607	736;9
608	300;9
608	440;9
609	343;9
611	460;9
612	356;9
612	736;9
612	769;9
614	660;9
617	65;9
617	227;9
618	95;9
618	514;9
619	87;9
619	926;9
620	209;9
620	971;9
622	754;9
623	665;9
627	564;9
627	706;9
631	306;9
636	107;9
636	118;9
636	748;9
638	95;9
638	442;9
638	740;9
638	961;9
638	982;9
643	954;9
643	986;9
646	470;9
647	110;9
649	636;9
652	300;9
652	506;9
653	300;9
653	452;9
655	611;9
655	926;9
659	55;9
659	124;9
659	602;9
659	624;9
659	957;9
662	110;9
662	343;9
662	347;9
662	692;9
662	795;9
664	646;9
664	929;9
665	355;9
665	506;9
665	598;9
666	356;9
668	295;9
670	343;9
670	557;9
670	664;9
670	844;9
671	182;9
671	300;9
673	511;9
674	414;9
676	845;9
677	300;9
678	451;9
679	218;9
679	376;9
679	622;9
679	972;9
680	424;9
680	724;9
684	369;9
684	979;9
685	568;9
688	377;9
688	384;9
688	672;9
689	539;9
689	607;9
692	786;9
693	946;9
694	508;9
695	451;9
695	757;9
695	830;9
695	945;9
697	741;9
708	697;9
718	706;9
719	638;9
719	724;9
723	702;9
723	722;9
724	676;9
734	702;9
736	104;9
736	106;9
736	306;9
736	379;9
736	461;9
736	473;9
736	689;9
736	766;9
736	832;9
736	865;9
737	275;9
737	791;9
737	967;9
738	335;9
740	255;9
740	321;9
741	360;9
742	12;9
742	636;9
742	706;9
742	947;9
743	227;9
746	793;9
747	507;9
747	526;9
747	574;9
747	576;9
747	640;9
747	695;9
750	670;9
754	300;9
754	360;9
754	452;9
754	737;9
754	810;9
754	815;9
754	946;9
756	773;9
757	482;9
757	526;9
757	981;9
759	540;9
759	662;9
762	441;9
764	607;9
764	982;9
766	988;9
768	982;9
769	759;9
770	350;9
770	514;9
770	724;9
774	785;9
775	890;9
786	154;9
786	659;9
786	950;9
786	956;9
787	358;9
790	939;9
791	878;9
791	884;9
791	929;9
792	958;9
795	514;9
795	905;9
795	938;9
798	416;9
800	16;9
800	205;9
801	422;9
801	514;9
801	950;9
806	557;9
806	780;9
806	800;9
811	343;9
811	759;9
811	878;9
813	487;9
814	92;9
815	343;9
815	719;9
822	697;9
823	248;9
823	865;9
827	576;9
827	622;9
830	397;9
831	854;9
831	963;9
834	975;9
836	11;9
841	742;9
842	204;9
844	270;9
844	447;9
845	514;9
845	539;9
845	724;9
847	844;9
847	936;9
847	997;9
851	11;9
851	486;9
854	154;9
855	736;9
856	154;9
859	665;9
859	869;9
859	905;9
862	851;9
864	244;9
865	844;9
866	154;9
869	106;9
869	859;9
871	259;9
874	375;9
876	193;9
876	958;9
877	187;9
879	456;9
879	535;9
881	154;9
881	828;9
883	49;9
883	748;9
884	388;9
887	343;9
887	697;9
888	416;9
888	670;9
888	993;9
889	7;9
891	212;9
891	493;9
891	495;9
891	619;9
891	651;9
895	251;9
895	947;9
895	971;9
898	371;9
898	926;9
898	982;9
899	793;9
900	52;9
900	360;9
904	248;9
905	451;9
905	617;9
905	926;9
906	7;9
906	35;9
906	104;9
906	762;9
906	970;9
906	980;9
908	659;9
909	295;9
911	131;9
917	526;9
918	789;9
918	810;9
919	568;9
924	638;9
926	154;9
926	384;9
926	493;9
926	883;9
926	888;9
926	995;9
928	98;9
928	144;9
928	187;9
928	364;9
928	418;9
928	512;9
928	563;9
928	680;9
929	268;9
929	395;9
929	740;9
930	26;9
930	318;9
931	919;9
935	478;9
935	492;9
935	605;9
935	736;9
938	49;9
938	676;9
939	154;9
939	179;9
939	227;9
939	926;9
946	251;9
947	371;9
947	877;9
947	987;9
949	23;9
949	187;9
949	446;9
949	526;9
949	622;9
949	665;9
949	680;9
949	759;9
949	767;9
949	825;9
949	830;9
950	38;9
950	368;9
950	895;9
950	966;9
950	997;9
952	55;9
952	619;9
953	822;9
955	493;9
958	510;9
959	168;9
959	450;9
959	970;9
961	999;9
964	11;9
964	324;9
964	473;9
964	603;9
964	680;9
964	952;9
965	750;9
967	564;9
969	118;9
969	757;9
969	810;9
971	373;9
971	584;9
974	259;9
974	429;9
974	539;9
974	551;9
974	662;9
977	638;9
978	980;9
978	992;9
979	391;9
979	971;9
980	695;9
985	155;9
985	832;9
985	877;9
987	491;9
987	514;9
987	983;9
988	259;9
988	721;9
989	770;9
989	827;9
990	926;9
992	16;9
993	670;9
994	648;9
995	115;9
995	227;9
996	227;9
997	993;9
998	270;9
