2	946;2
6	22;2
6	26;2
6	48;2
6	54;2
6	67;2
6	119;2
6	210;2
6	262;2
6	295;2
6	298;2
6	306;2
6	308;2
6	313;2
6	314;2
6	323;2
7	255;2
7	493;2
7	540;2
7	926;2
7	972;2
11	246;2
11	457;2
11	885;2
12	55;2
12	283;2
12	855;2
14	347;2
14	618;2
14	792;2
15	69;2
15	470;2
15	891;2
19	218;2
21	162;2
22	6;2
22	259;2
22	477;2
22	694;2
23	798;2
25	874;2
32	526;2
34	544;2
35	376;2
35	689;2
45	238;2
48	286;2
49	19;2
49	241;2
49	291;2
49	397;2
49	498;2
49	522;2
49	594;2
49	619;2
49	645;2
49	813;2
52	298;2
52	557;2
52	662;2
55	133;2
55	253;2
55	371;2
55	378;2
55	928;2
55	960;2
56	15;2
56	212;2
56	350;2
56	370;2
56	645;2
56	747;2
56	925;2
56	981;2
58	959;2
69	545;2
75	29;2
85	359;2
88	924;2
92	358;2
95	227;2
95	350;2
98	851;2
99	6;2
100	308;2
103	984;2
104	350;2
104	398;2
104	522;2
105	92;2
105	851;2
106	295;2
107	526;2
110	25;2
113	420;2
113	493;2
113	748;2
113	924;2
113	940;2
115	973;2
118	391;2
119	204;2
119	646;2
119	925;2
120	6;2
120	159;2
123	461;2
133	296;2
138	6;2
140	167;2
145	55;2
145	61;2
146	279;2
148	52;2
148	92;2
148	552;2
148	830;2
149	152;2
149	188;2
149	319;2
154	738;2
154	748;2
154	757;2
154	760;2
154	829;2
154	834;2
154	862;2
154	886;2
154	911;2
154	922;2
155	16;2
155	218;2
155	584;2
156	173;2
162	201;2
162	299;2
168	110;2
168	259;2
168	373;2
172	21;2
173	332;2
173	942;2
174	235;2
179	373;2
181	418;2
181	800;2
182	546;2
182	622;2
182	979;2
182	995;2
188	280;2
196	622;2
197	204;2
197	551;2
202	149;2
203	87;2
203	159;2
203	167;2
205	982;2
206	961;2
209	313;2
210	869;2
217	964;2
218	104;2
218	361;2
218	588;2
222	574;2
223	258;2
225	75;2
227	16;2
227	275;2
227	618;2
227	946;2
227	971;2
227	973;2
228	343;2
228	456;2
228	526;2
228	601;2
228	982;2
229	339;2
232	273;2
232	444;2
237	227;2
240	74;2
240	169;2
240	225;2
242	262;2
244	75;2
248	307;2
248	742;2
248	841;2
251	768;2
252	879;2
259	111;2
259	133;2
259	227;2
259	367;2
259	457;2
259	535;2
259	577;2
259	584;2
259	881;2
259	897;2
259	925;2
259	963;2
261	48;2
261	373;2
270	451;2
270	801;2
271	360;2
275	96;2
275	248;2
275	754;2
275	800;2
275	861;2
275	985;2
282	172;2
293	74;2
295	92;2
295	637;2
295	641;2
295	757;2
295	801;2
296	406;2
296	822;2
298	795;2
300	396;2
300	421;2
300	424;2
300	439;2
300	458;2
300	467;2
300	478;2
300	556;2
300	618;2
300	673;2
300	675;2
300	696;2
304	261;2
305	635;2
307	110;2
309	851;2
313	167;2
313	321;2
314	6;2
317	162;2
321	6;2
321	49;2
321	295;2
321	296;2
321	522;2
321	527;2
321	965;2
321	967;2
322	167;2
327	557;2
330	75;2
331	603;2
331	906;2
331	986;2
335	16;2
338	100;2
343	49;2
343	98;2
343	446;2
343	620;2
343	649;2
343	662;2
343	663;2
343	666;2
343	757;2
343	759;2
343	767;2
343	929;2
343	958;2
343	972;2
343	994;2
347	145;2
350	526;2
350	622;2
350	757;2
350	841;2
350	954;2
350	995;2
351	641;2
351	738;2
352	300;2
356	415;2
357	229;2
357	300;2
358	300;2
360	208;2
360	374;2
360	522;2
360	741;2
360	919;2
361	638;2
362	300;2
362	584;2
362	650;2
363	697;2
363	993;2
364	14;2
365	300;2
365	883;2
366	248;2
366	979;2
367	955;2
368	55;2
368	924;2
368	982;2
369	19;2
370	738;2
371	168;2
371	244;2
371	305;2
373	377;2
373	493;2
373	605;2
373	764;2
374	493;2
374	697;2
376	251;2
376	825;2
377	439;2
378	11;2
378	95;2
378	259;2
378	522;2
378	622;2
379	390;2
380	978;2
380	987;2
382	970;2
384	451;2
386	16;2
388	300;2
390	498;2
390	561;2
391	424;2
394	182;2
395	377;2
395	495;2
395	696;2
397	295;2
398	104;2
398	300;2
399	905;2
401	390;2
404	441;2
405	270;2
405	505;2
407	537;2
411	11;2
412	300;2
412	557;2
413	358;2
416	23;2
416	969;2
418	92;2
418	491;2
418	601;2
418	692;2
419	654;2
419	969;2
420	491;2
420	493;2
420	531;2
422	7;2
422	600;2
422	636;2
422	759;2
422	950;2
422	982;2
424	684;2
424	931;2
426	598;2
434	321;2
435	458;2
436	437;2
438	399;2
438	679;2
439	355;2
439	358;2
440	477;2
440	971;2
441	968;2
442	724;2
443	55;2
444	967;2
446	498;2
446	626;2
447	473;2
447	618;2
448	697;2
450	12;2
450	109;2
450	321;2
450	919;2
450	924;2
451	374;2
451	671;2
451	675;2
451	968;2
453	218;2
453	759;2
455	421;2
455	632;2
457	469;2
457	887;2
458	52;2
458	227;2
458	563;2
459	830;2
461	538;2
463	300;2
466	514;2
466	971;2
466	973;2
466	978;2
467	574;2
467	865;2
468	498;2
468	500;2
470	15;2
471	858;2
473	259;2
473	522;2
473	967;2
473	982;2
474	399;2
474	426;2
474	552;2
474	584;2
475	16;2
475	399;2
475	531;2
475	974;2
475	995;2
477	540;2
477	602;2
479	49;2
479	373;2
479	682;2
479	969;2
479	971;2
485	466;2
485	529;2
485	613;2
487	388;2
487	968;2
488	438;2
488	477;2
488	926;2
488	979;2
490	23;2
490	491;2
491	806;2
492	719;2
493	209;2
493	364;2
493	416;2
493	437;2
496	11;2
498	505;2
498	625;2
498	987;2
502	424;2
502	541;2
502	552;2
502	568;2
502	827;2
503	558;2
503	564;2
504	300;2
504	321;2
505	11;2
506	994;2
507	94;2
507	549;2
508	451;2
508	925;2
510	14;2
510	515;2
510	911;2
512	321;2
512	719;2
513	68;2
513	736;2
514	493;2
514	848;2
514	964;2
516	381;2
516	403;2
516	597;2
519	540;2
519	924;2
522	418;2
522	763;2
522	815;2
522	985;2
526	38;2
526	63;2
526	104;2
526	270;2
526	391;2
526	424;2
526	436;2
526	493;2
526	764;2
526	797;2
526	798;2
526	837;2
526	848;2
526	859;2
526	938;2
526	944;2
526	969;2
526	976;2
527	517;2
528	641;2
529	155;2
529	229;2
531	580;2
533	952;2
534	283;2
534	493;2
534	531;2
534	747;2
535	782;2
537	259;2
537	448;2
537	557;2
538	391;2
538	592;2
538	631;2
539	228;2
539	388;2
539	473;2
540	212;2
540	251;2
540	398;2
540	491;2
540	506;2
540	656;2
540	684;2
540	949;2
543	526;2
543	534;2
544	55;2
544	569;2
544	719;2
544	798;2
546	343;2
547	584;2
548	253;2
550	652;2
551	205;2
551	695;2
551	801;2
552	584;2
552	665;2
552	815;2
554	577;2
557	11;2
557	26;2
557	68;2
557	259;2
557	662;2
557	767;2
558	801;2
559	801;2
561	390;2
562	660;2
562	969;2
563	445;2
563	542;2
563	605;2
563	693;2
563	919;2
564	38;2
564	451;2
564	576;2
564	973;2
566	679;2
569	563;2
569	968;2
570	498;2
572	665;2
574	583;2
574	747;2
575	526;2
576	305;2
576	830;2
576	895;2
577	438;2
577	615;2
579	584;2
579	652;2
581	924;2
581	929;2
583	18;2
583	145;2
583	451;2
583	651;2
583	664;2
584	384;2
584	563;2
585	148;2
585	724;2
587	376;2
588	7;2
588	181;2
588	969;2
588	989;2
589	300;2
589	376;2
589	441;2
589	539;2
589	604;2
590	499;2
590	619;2
597	582;2
598	377;2
598	412;2
598	420;2
599	474;2
599	506;2
600	964;2
600	972;2
601	34;2
601	418;2
601	440;2
601	479;2
601	538;2
602	611;2
603	110;2
603	228;2
603	507;2
603	766;2
604	636;2
604	673;2
604	684;2
605	399;2
607	811;2
607	837;2
609	306;2
609	843;2
612	148;2
612	376;2
614	491;2
614	605;2
617	75;2
617	498;2
617	513;2
617	661;2
618	182;2
618	373;2
618	487;2
618	564;2
618	695;2
619	172;2
619	266;2
619	410;2
619	551;2
619	645;2
619	897;2
619	973;2
620	384;2
620	697;2
623	298;2
623	531;2
625	598;2
626	300;2
627	16;2
629	697;2
630	394;2
630	403;2
630	451;2
630	626;2
631	370;2
634	474;2
636	324;2
636	736;2
636	940;2
638	14;2
638	204;2
638	372;2
638	526;2
638	883;2
641	407;2
642	381;2
644	552;2
645	347;2
645	569;2
645	619;2
646	680;2
647	208;2
649	440;2
649	601;2
650	356;2
650	362;2
651	54;2
652	381;2
655	368;2
655	373;2
655	514;2
655	985;2
655	997;2
656	449;2
657	229;2
659	246;2
659	736;2
659	959;2
660	508;2
660	605;2
661	87;2
661	439;2
662	259;2
662	539;2
662	676;2
664	853;2
664	970;2
665	148;2
666	55;2
666	361;2
666	370;2
668	367;2
669	721;2
674	384;2
674	502;2
674	600;2
674	636;2
675	7;2
676	938;2
676	971;2
677	929;2
679	477;2
680	187;2
680	271;2
680	353;2
680	697;2
684	218;2
684	461;2
685	452;2
689	736;2
689	768;2
689	988;2
691	506;2
691	598;2
694	974;2
694	982;2
695	438;2
695	969;2
696	420;2
697	353;2
697	540;2
697	619;2
697	649;2
697	679;2
697	766;2
706	110;2
706	617;2
711	87;2
714	514;2
714	541;2
719	706;2
722	551;2
724	440;2
724	607;2
724	924;2
724	961;2
736	371;2
736	540;2
736	647;2
736	724;2
736	844;2
736	881;2
737	378;2
738	447;2
738	758;2
738	844;2
739	373;2
739	581;2
740	622;2
741	919;2
742	535;2
742	986;2
747	930;2
747	966;2
749	756;2
750	847;2
753	11;2
753	844;2
754	35;2
754	55;2
754	118;2
754	220;2
754	251;2
754	321;2
754	709;2
754	786;2
754	854;2
754	999;2
755	738;2
755	896;2
756	749;2
757	295;2
757	371;2
757	576;2
757	969;2
759	229;2
759	343;2
759	978;2
760	148;2
763	373;2
764	845;2
766	227;2
766	491;2
766	906;2
766	961;2
767	618;2
767	800;2
767	955;2
770	52;2
770	795;2
771	738;2
773	749;2
781	168;2
781	759;2
782	535;2
787	851;2
791	251;2
791	318;2
791	762;2
791	774;2
791	809;2
791	844;2
793	885;2
795	148;2
795	252;2
795	451;2
795	507;2
795	662;2
795	724;2
799	376;2
799	622;2
800	92;2
800	228;2
800	408;2
800	973;2
800	976;2
800	993;2
801	255;2
801	853;2
801	891;2
805	982;2
806	766;2
808	758;2
808	911;2
809	791;2
810	11;2
810	739;2
812	154;2
814	649;2
815	456;2
822	943;2
823	706;2
825	822;2
825	848;2
827	581;2
827	836;2
833	791;2
834	508;2
836	7;2
836	692;2
836	754;2
838	154;2
838	988;2
842	692;2
842	919;2
842	928;2
843	619;2
851	53;2
854	984;2
859	270;2
859	391;2
859	601;2
859	900;2
859	931;2
862	928;2
867	818;2
878	736;2
879	830;2
881	762;2
883	259;2
883	809;2
884	942;2
888	724;2
889	526;2
891	110;2
891	165;2
891	206;2
891	252;2
891	368;2
891	445;2
891	482;2
891	526;2
891	555;2
891	607;2
891	617;2
891	695;2
891	770;2
891	802;2
891	834;2
895	552;2
900	343;2
900	457;2
900	747;2
901	296;2
903	929;2
905	371;2
905	925;2
906	165;2
906	222;2
906	376;2
910	154;2
919	451;2
924	919;2
926	16;2
926	208;2
926	391;2
926	451;2
926	491;2
926	551;2
926	684;2
926	891;2
926	968;2
926	994;2
928	148;2
928	251;2
928	266;2
928	368;2
928	546;2
928	548;2
928	551;2
928	613;2
928	645;2
928	709;2
928	843;2
928	969;2
929	451;2
929	651;2
929	909;2
929	926;2
930	230;2
930	466;2
930	868;2
931	411;2
931	927;2
935	227;2
938	360;2
938	376;2
938	697;2
938	897;2
938	919;2
939	104;2
939	391;2
939	493;2
939	810;2
940	133;2
944	974;2
946	58;2
946	168;2
946	619;2
947	927;2
948	389;2
949	104;2
949	181;2
949	486;2
949	549;2
949	676;2
949	679;2
949	814;2
949	891;2
949	984;2
949	987;2
950	428;2
950	512;2
950	584;2
952	601;2
952	832;2
953	899;2
953	958;2
955	454;2
955	502;2
955	584;2
957	925;2
957	954;2
959	96;2
959	724;2
959	841;2
962	856;2
963	619;2
964	49;2
964	115;2
964	601;2
964	736;2
964	949;2
965	987;2
966	187;2
967	7;2
967	739;2
967	815;2
969	295;2
969	562;2
969	724;2
969	753;2
969	955;2
969	976;2
970	398;2
971	482;2
971	669;2
972	971;2
972	989;2
974	475;2
974	631;2
974	801;2
974	954;2
977	724;2
977	995;2
979	436;2
980	492;2
980	926;2
982	638;2
983	4;2
983	228;2
984	477;2
984	954;2
985	982;2
987	7;2
987	229;2
987	455;2
987	801;2
988	306;2
988	478;2
989	458;2
989	968;2
990	706;2
992	380;2
993	52;2
994	559;2
994	846;2
995	638;2
996	837;2
997	58;2
998	636;2
999	871;2
