6	25;8
6	40;8
6	47;8
6	88;8
6	130;8
6	188;8
6	227;8
6	310;8
6	319;8
7	622;8
7	892;8
11	395;8
11	969;8
14	95;8
14	202;8
14	343;8
14	543;8
14	549;8
14	662;8
14	676;8
15	304;8
15	743;8
16	104;8
16	376;8
16	514;8
18	551;8
19	408;8
19	445;8
21	172;8
22	38;8
22	210;8
22	313;8
23	825;8
26	930;8
31	195;8
35	524;8
42	261;8
45	97;8
49	237;8
49	362;8
49	507;8
49	620;8
49	806;8
49	879;8
50	6;8
52	719;8
52	978;8
53	365;8
55	232;8
55	296;8
55	439;8
55	551;8
55	555;8
55	666;8
55	800;8
55	830;8
55	942;8
55	966;8
56	148;8
56	502;8
56	568;8
56	662;8
56	801;8
56	895;8
57	167;8
58	507;8
58	647;8
58	926;8
58	989;8
64	162;8
71	6;8
71	220;8
72	6;8
75	74;8
75	162;8
85	32;8
85	851;8
88	979;8
89	203;8
90	194;8
92	598;8
92	714;8
95	7;8
98	831;8
104	7;8
104	361;8
107	49;8
107	946;8
108	6;8
108	172;8
108	225;8
108	313;8
113	148;8
113	419;8
119	85;8
119	104;8
119	126;8
119	268;8
119	487;8
119	706;8
124	227;8
124	266;8
124	679;8
124	697;8
147	218;8
147	706;8
148	23;8
148	521;8
148	685;8
148	836;8
149	264;8
152	6;8
154	756;8
154	775;8
154	780;8
154	786;8
155	95;8
155	374;8
155	466;8
162	64;8
162	140;8
165	617;8
169	94;8
181	95;8
181	485;8
181	697;8
182	706;8
182	938;8
187	101;8
187	534;8
201	75;8
201	244;8
203	82;8
208	168;8
208	229;8
208	368;8
208	526;8
208	724;8
208	891;8
208	978;8
209	801;8
210	571;8
212	55;8
212	802;8
213	159;8
217	167;8
218	202;8
218	523;8
218	570;8
218	719;8
218	888;8
221	244;8
221	736;8
222	895;8
226	6;8
227	398;8
227	602;8
227	736;8
227	931;8
227	967;8
227	982;8
227	998;8
229	365;8
232	21;8
245	645;8
248	347;8
248	966;8
251	92;8
251	493;8
253	182;8
253	762;8
255	982;8
259	12;8
259	85;8
259	144;8
259	389;8
259	519;8
259	601;8
259	736;8
259	900;8
259	959;8
261	638;8
261	897;8
264	147;8
266	388;8
273	162;8
273	330;8
275	175;8
275	601;8
275	959;8
278	736;8
278	815;8
280	72;8
283	695;8
283	755;8
283	919;8
295	452;8
295	599;8
296	583;8
298	321;8
300	375;8
300	381;8
300	389;8
300	390;8
300	452;8
300	459;8
300	477;8
300	495;8
300	591;8
300	620;8
300	624;8
300	648;8
300	662;8
300	663;8
300	694;8
310	237;8
313	330;8
321	148;8
321	356;8
321	507;8
321	581;8
321	644;8
321	898;8
321	929;8
321	983;8
323	261;8
324	148;8
331	259;8
331	422;8
338	670;8
339	979;8
343	33;8
343	133;8
343	155;8
343	162;8
343	165;8
343	252;8
343	368;8
343	389;8
343	426;8
343	521;8
343	544;8
343	576;8
343	581;8
343	585;8
343	648;8
343	685;8
343	709;8
344	721;8
345	330;8
346	643;8
347	205;8
347	248;8
347	473;8
347	844;8
347	970;8
350	477;8
350	491;8
350	564;8
350	618;8
350	739;8
350	984;8
351	358;8
351	392;8
351	395;8
353	759;8
353	978;8
356	407;8
356	623;8
356	757;8
357	343;8
359	271;8
359	747;8
360	493;8
360	900;8
361	92;8
362	343;8
363	218;8
364	34;8
364	229;8
365	360;8
365	522;8
365	645;8
367	645;8
368	321;8
368	645;8
369	403;8
369	426;8
369	593;8
371	424;8
371	706;8
371	786;8
371	872;8
371	952;8
371	968;8
372	620;8
373	25;8
373	417;8
373	831;8
373	961;8
373	989;8
374	376;8
374	584;8
374	971;8
374	984;8
375	115;8
376	68;8
376	984;8
377	407;8
377	521;8
378	38;8
378	228;8
379	414;8
379	502;8
380	34;8
381	563;8
382	391;8
382	697;8
383	662;8
384	446;8
385	367;8
385	377;8
388	664;8
390	148;8
390	295;8
390	377;8
390	673;8
391	781;8
394	451;8
395	441;8
395	546;8
396	327;8
397	96;8
397	541;8
398	343;8
399	300;8
403	598;8
403	641;8
407	295;8
407	439;8
408	154;8
408	376;8
408	800;8
411	49;8
412	625;8
412	994;8
414	514;8
415	419;8
415	823;8
415	985;8
417	630;8
420	300;8
422	283;8
422	595;8
422	651;8
422	954;8
422	972;8
424	259;8
424	583;8
424	636;8
426	356;8
426	559;8
426	696;8
429	251;8
433	539;8
433	815;8
434	580;8
434	685;8
437	414;8
437	660;8
437	919;8
438	754;8
438	926;8
439	568;8
440	306;8
440	321;8
440	447;8
440	590;8
440	811;8
441	377;8
441	563;8
442	588;8
443	697;8
444	227;8
444	244;8
444	259;8
444	321;8
444	692;8
444	697;8
444	800;8
445	371;8
447	414;8
447	508;8
448	971;8
450	35;8
450	122;8
450	422;8
450	424;8
450	754;8
450	946;8
451	371;8
451	482;8
451	584;8
451	631;8
451	737;8
451	747;8
452	738;8
454	482;8
454	547;8
454	654;8
456	461;8
458	475;8
458	564;8
459	259;8
459	721;8
463	7;8
463	952;8
466	259;8
466	540;8
467	34;8
467	376;8
467	736;8
467	926;8
468	532;8
470	205;8
470	576;8
470	955;8
471	594;8
472	706;8
473	638;8
474	372;8
474	403;8
477	49;8
477	182;8
479	248;8
479	451;8
480	187;8
482	988;8
485	383;8
485	759;8
486	697;8
487	300;8
487	456;8
487	458;8
490	925;8
492	670;8
493	56;8
493	674;8
493	841;8
493	843;8
497	300;8
498	397;8
498	550;8
498	801;8
502	11;8
502	437;8
502	577;8
503	16;8
503	697;8
505	356;8
505	439;8
505	660;8
505	926;8
506	96;8
506	300;8
506	397;8
506	509;8
506	665;8
507	55;8
507	168;8
507	522;8
507	534;8
510	343;8
510	450;8
510	649;8
512	7;8
512	19;8
512	448;8
512	697;8
512	946;8
513	218;8
513	904;8
514	419;8
514	491;8
518	551;8
519	971;8
522	38;8
522	300;8
522	611;8
522	645;8
522	676;8
522	757;8
522	911;8
522	973;8
522	995;8
523	300;8
523	625;8
526	18;8
526	383;8
526	510;8
526	576;8
526	594;8
526	605;8
526	789;8
526	800;8
526	823;8
526	891;8
526	929;8
526	996;8
527	743;8
527	837;8
527	931;8
529	107;8
529	535;8
529	830;8
531	641;8
531	995;8
532	742;8
532	881;8
534	34;8
534	859;8
535	813;8
537	468;8
540	182;8
540	383;8
540	551;8
540	583;8
540	647;8
540	906;8
543	14;8
543	487;8
544	255;8
544	669;8
544	754;8
546	300;8
546	510;8
546	988;8
547	300;8
548	695;8
549	526;8
549	888;8
549	965;8
551	115;8
551	119;8
551	706;8
551	924;8
552	622;8
555	439;8
555	585;8
555	625;8
556	118;8
557	228;8
557	251;8
557	742;8
557	971;8
560	632;8
563	321;8
563	522;8
563	593;8
564	283;8
564	391;8
564	738;8
568	623;8
569	283;8
569	514;8
574	56;8
574	218;8
574	563;8
574	740;8
577	457;8
577	507;8
577	528;8
577	738;8
581	182;8
582	300;8
582	432;8
583	165;8
583	362;8
583	368;8
583	461;8
583	470;8
583	655;8
583	697;8
583	711;8
583	874;8
583	950;8
584	374;8
584	395;8
585	321;8
586	270;8
586	438;8
586	841;8
588	522;8
588	837;8
588	966;8
589	442;8
589	669;8
589	692;8
590	23;8
590	43;8
590	347;8
590	906;8
590	985;8
592	187;8
595	300;8
598	506;8
598	584;8
599	412;8
599	420;8
599	439;8
600	440;8
600	482;8
600	719;8
600	979;8
601	519;8
601	845;8
601	897;8
601	926;8
601	968;8
601	978;8
602	988;8
603	514;8
604	56;8
604	601;8
604	891;8
605	68;8
605	87;8
605	218;8
605	395;8
605	447;8
605	984;8
607	49;8
607	368;8
607	486;8
607	590;8
607	706;8
607	754;8
607	763;8
607	832;8
607	877;8
607	952;8
608	361;8
609	954;8
610	104;8
610	544;8
611	204;8
612	759;8
614	482;8
614	514;8
617	61;8
617	581;8
617	770;8
617	791;8
617	989;8
618	466;8
618	949;8
619	64;8
619	229;8
619	375;8
619	646;8
619	827;8
619	1000;8
620	662;8
621	424;8
622	845;8
623	439;8
623	568;8
624	410;8
624	644;8
627	358;8
627	423;8
629	14;8
629	16;8
629	374;8
630	766;8
636	482;8
638	35;8
638	454;8
638	576;8
638	622;8
638	877;8
638	905;8
641	377;8
641	537;8
642	860;8
643	759;8
645	611;8
645	938;8
646	350;8
647	759;8
648	674;8
649	466;8
649	588;8
650	973;8
650	974;8
651	538;8
651	984;8
652	968;8
653	403;8
653	577;8
654	104;8
654	980;8
655	49;8
655	182;8
655	791;8
655	929;8
655	969;8
656	680;8
658	618;8
659	144;8
659	549;8
659	662;8
664	209;8
664	514;8
664	622;8
664	695;8
664	987;8
665	389;8
665	644;8
666	975;8
668	391;8
668	719;8
669	578;8
669	588;8
669	770;8
670	148;8
670	361;8
670	662;8
670	967;8
670	993;8
673	513;8
676	423;8
676	513;8
676	589;8
677	926;8
678	11;8
679	470;8
679	889;8
679	955;8
679	998;8
680	179;8
680	507;8
680	904;8
684	969;8
685	654;8
685	830;8
689	14;8
689	479;8
689	577;8
689	662;8
689	697;8
689	770;8
692	356;8
692	526;8
694	451;8
694	619;8
694	970;8
695	879;8
696	668;8
696	787;8
697	343;8
697	424;8
697	430;8
697	830;8
697	969;8
698	715;8
708	997;8
714	738;8
719	12;8
719	52;8
719	490;8
719	524;8
719	535;8
719	664;8
724	416;8
724	589;8
724	662;8
734	924;8
734	935;8
736	148;8
736	222;8
736	278;8
736	550;8
736	779;8
736	931;8
737	259;8
739	636;8
740	759;8
740	926;8
741	800;8
742	987;8
747	368;8
747	604;8
747	989;8
752	878;8
754	58;8
754	124;8
754	229;8
754	355;8
754	584;8
754	750;8
754	901;8
754	981;8
756	154;8
759	380;8
759	719;8
759	979;8
764	670;8
765	904;8
766	724;8
766	738;8
767	104;8
767	424;8
768	441;8
768	724;8
768	969;8
768	999;8
769	259;8
770	670;8
770	753;8
770	931;8
771	938;8
776	793;8
777	971;8
778	829;8
781	487;8
786	646;8
787	645;8
789	655;8
791	158;8
791	229;8
791	649;8
791	738;8
791	792;8
791	869;8
791	958;8
792	605;8
792	961;8
793	782;8
795	376;8
795	919;8
795	964;8
795	984;8
800	275;8
800	978;8
801	295;8
801	531;8
801	636;8
801	929;8
806	736;8
811	513;8
814	244;8
815	451;8
815	920;8
822	793;8
825	645;8
825	664;8
825	931;8
828	780;8
829	819;8
834	837;8
837	849;8
838	491;8
842	343;8
842	458;8
842	697;8
844	455;8
844	495;8
844	736;8
845	110;8
845	841;8
847	148;8
847	706;8
847	852;8
849	477;8
853	906;8
855	988;8
859	138;8
859	162;8
859	697;8
865	586;8
869	670;8
869	906;8
871	479;8
874	154;8
874	356;8
877	359;8
877	931;8
879	834;8
884	248;8
887	522;8
887	631;8
887	993;8
888	210;8
889	169;8
889	299;8
889	859;8
890	735;8
891	210;8
891	295;8
891	419;8
891	522;8
891	550;8
891	662;8
891	827;8
891	835;8
891	952;8
891	991;8
895	738;8
897	805;8
899	953;8
904	154;8
905	982;8
906	23;8
906	248;8
906	631;8
906	638;8
906	706;8
908	526;8
909	529;8
911	368;8
917	154;8
918	467;8
918	869;8
919	7;8
923	738;8
924	227;8
924	388;8
924	684;8
925	706;8
926	109;8
926	148;8
926	440;8
926	568;8
926	588;8
926	905;8
926	982;8
928	181;8
928	212;8
928	222;8
928	245;8
928	259;8
928	350;8
928	476;8
928	485;8
928	493;8
928	540;8
928	638;8
928	682;8
928	957;8
928	971;8
928	973;8
928	993;8
929	479;8
929	505;8
929	581;8
929	987;8
930	255;8
931	843;8
935	844;8
936	695;8
937	473;8
943	793;8
945	451;8
946	512;8
946	645;8
947	356;8
947	679;8
948	605;8
949	155;8
949	246;8
949	346;8
949	416;8
949	450;8
949	638;8
949	738;8
949	822;8
949	837;8
949	967;8
949	988;8
950	12;8
950	248;8
952	371;8
952	692;8
952	697;8
955	133;8
955	895;8
958	884;8
958	903;8
964	304;8
964	795;8
965	204;8
965	625;8
967	168;8
967	535;8
967	724;8
967	736;8
968	982;8
969	275;8
969	350;8
969	601;8
969	851;8
969	909;8
970	891;8
971	422;8
971	668;8
972	622;8
973	58;8
974	87;8
974	212;8
974	658;8
974	676;8
974	697;8
974	906;8
974	950;8
975	427;8
977	306;8
978	105;8
980	891;8
982	23;8
983	359;8
983	622;8
984	493;8
984	584;8
986	742;8
986	759;8
987	168;8
987	736;8
988	901;8
988	946;8
989	356;8
989	438;8
990	993;8
992	706;8
993	343;8
995	92;8
997	373;8
997	973;8
999	344;8
999	767;8
999	982;8
