6	15;6
6	73;6
6	146;6
6	322;6
7	92;6
7	601;6
7	676;6
7	740;6
7	989;6
11	522;6
11	571;6
11	685;6
11	988;6
14	451;6
15	368;6
15	612;6
15	989;6
16	645;6
16	734;6
18	96;6
22	617;6
26	438;6
28	68;6
29	299;6
34	362;6
34	604;6
35	506;6
35	697;6
39	617;6
41	961;6
42	315;6
43	906;6
49	358;6
49	379;6
49	523;6
49	694;6
49	761;6
49	766;6
49	892;6
49	986;6
52	588;6
52	670;6
52	759;6
52	851;6
52	989;6
55	165;6
55	416;6
55	510;6
55	556;6
55	584;6
55	736;6
55	768;6
55	919;6
55	995;6
56	440;6
56	451;6
56	978;6
56	984;6
58	664;6
58	777;6
61	887;6
65	960;6
71	203;6
73	25;6
74	21;6
75	76;6
87	698;6
90	6;6
92	389;6
93	110;6
100	338;6
101	305;6
101	371;6
103	624;6
104	374;6
104	588;6
106	676;6
106	869;6
108	299;6
110	248;6
113	259;6
113	325;6
113	689;6
115	56;6
115	645;6
118	335;6
118	584;6
119	18;6
119	659;6
122	104;6
124	374;6
124	892;6
129	607;6
133	636;6
139	6;6
144	365;6
145	179;6
145	576;6
147	6;6
147	183;6
148	343;6
148	638;6
148	719;6
149	261;6
154	482;6
154	622;6
154	697;6
154	820;6
154	825;6
154	958;6
155	104;6
155	267;6
155	781;6
157	238;6
159	225;6
168	458;6
168	664;6
168	906;6
169	21;6
173	6;6
177	223;6
181	557;6
182	534;6
182	601;6
182	673;6
182	757;6
183	160;6
183	859;6
187	480;6
194	42;6
195	6;6
195	97;6
200	919;6
200	947;6
201	100;6
203	74;6
203	131;6
208	618;6
208	697;6
210	276;6
210	443;6
218	119;6
218	682;6
218	883;6
219	6;6
222	49;6
222	418;6
225	74;6
227	607;6
227	697;6
227	947;6
227	979;6
228	539;6
228	622;6
229	154;6
229	959;6
233	319;6
240	317;6
244	540;6
245	365;6
248	437;6
248	662;6
251	673;6
252	94;6
253	246;6
253	548;6
255	647;6
255	706;6
257	172;6
259	68;6
259	194;6
259	204;6
259	255;6
259	406;6
259	430;6
259	440;6
259	646;6
259	702;6
259	808;6
259	852;6
259	884;6
259	911;6
259	931;6
266	113;6
266	229;6
266	475;6
268	104;6
268	374;6
268	674;6
270	391;6
270	534;6
270	660;6
274	919;6
275	321;6
275	371;6
275	526;6
275	648;6
275	967;6
281	225;6
282	293;6
283	101;6
292	97;6
293	162;6
293	172;6
295	454;6
295	468;6
295	515;6
298	689;6
300	377;6
300	433;6
300	434;6
300	448;6
300	470;6
300	475;6
300	528;6
300	606;6
300	623;6
300	630;6
300	631;6
300	692;6
306	447;6
306	455;6
314	159;6
317	232;6
317	244;6
321	337;6
321	372;6
321	470;6
321	477;6
321	742;6
321	768;6
321	861;6
321	1000;6
324	488;6
325	33;6
325	88;6
331	588;6
332	697;6
335	118;6
335	458;6
335	619;6
339	45;6
343	19;6
343	26;6
343	138;6
343	347;6
343	371;6
343	736;6
343	925;6
343	927;6
343	969;6
343	984;6
344	23;6
346	851;6
347	493;6
349	513;6
350	227;6
350	259;6
350	367;6
350	978;6
351	491;6
353	546;6
353	722;6
353	989;6
354	891;6
354	995;6
357	973;6
358	426;6
358	468;6
360	25;6
360	87;6
360	508;6
360	895;6
361	666;6
361	961;6
362	418;6
362	477;6
362	572;6
365	245;6
367	641;6
367	830;6
368	168;6
368	347;6
368	436;6
368	680;6
368	844;6
368	859;6
368	946;6
368	997;6
371	179;6
371	360;6
371	576;6
371	622;6
371	800;6
372	133;6
372	434;6
372	626;6
373	220;6
373	229;6
373	248;6
373	261;6
374	275;6
374	588;6
374	760;6
378	300;6
378	467;6
379	412;6
379	498;6
380	980;6
383	477;6
388	255;6
388	982;6
389	407;6
389	691;6
390	416;6
391	895;6
397	426;6
399	654;6
401	11;6
402	403;6
402	625;6
403	92;6
403	300;6
403	685;6
407	390;6
408	759;6
408	789;6
412	110;6
412	395;6
412	615;6
412	641;6
415	11;6
415	695;6
417	437;6
417	641;6
417	675;6
418	34;6
418	181;6
418	682;6
418	971;6
419	971;6
420	94;6
420	113;6
420	626;6
422	58;6
422	461;6
422	507;6
422	513;6
422	736;6
422	737;6
422	971;6
424	448;6
424	581;6
424	719;6
424	983;6
425	446;6
425	582;6
426	514;6
426	552;6
427	526;6
427	975;6
429	388;6
435	706;6
435	968;6
436	483;6
437	110;6
437	450;6
438	395;6
438	488;6
440	343;6
440	361;6
441	622;6
444	815;6
444	987;6
445	131;6
445	383;6
445	436;6
446	355;6
447	477;6
448	563;6
448	968;6
450	11;6
450	246;6
450	377;6
450	851;6
451	563;6
451	887;6
451	929;6
451	947;6
451	954;6
453	104;6
454	372;6
454	568;6
454	641;6
456	179;6
456	300;6
460	632;6
466	360;6
466	645;6
466	814;6
467	519;6
467	617;6
471	19;6
474	358;6
475	25;6
475	305;6
475	929;6
477	35;6
477	110;6
477	300;6
477	491;6
477	493;6
477	676;6
478	992;6
479	601;6
482	581;6
484	300;6
485	300;6
486	87;6
486	361;6
486	706;6
487	115;6
487	619;6
488	11;6
488	384;6
490	155;6
490	524;6
491	674;6
493	526;6
493	539;6
493	676;6
493	753;6
493	768;6
493	869;6
495	395;6
498	685;6
502	384;6
502	714;6
503	810;6
506	413;6
506	420;6
506	626;6
506	926;6
507	484;6
507	543;6
507	925;6
510	544;6
512	296;6
512	419;6
512	444;6
512	503;6
513	654;6
513	816;6
514	526;6
522	350;6
522	361;6
522	368;6
522	529;6
522	543;6
522	654;6
522	680;6
522	843;6
522	898;6
522	937;6
522	974;6
526	244;6
526	268;6
526	499;6
526	665;6
526	673;6
526	894;6
527	300;6
531	598;6
532	468;6
533	593;6
534	448;6
534	949;6
535	187;6
535	456;6
535	817;6
535	995;6
537	598;6
538	331;6
538	376;6
540	448;6
543	577;6
543	581;6
544	56;6
544	472;6
544	610;6
546	229;6
547	384;6
547	656;6
548	157;6
548	411;6
548	522;6
548	976;6
549	499;6
549	514;6
549	604;6
549	659;6
549	800;6
550	506;6
551	35;6
551	98;6
551	568;6
551	724;6
551	742;6
551	968;6
551	997;6
552	52;6
552	209;6
552	420;6
552	577;6
552	919;6
557	208;6
557	491;6
557	987;6
558	248;6
563	376;6
563	403;6
563	501;6
564	118;6
564	747;6
564	931;6
566	949;6
567	468;6
568	675;6
569	851;6
569	952;6
570	16;6
572	343;6
572	505;6
574	34;6
574	908;6
575	300;6
577	372;6
577	397;6
581	296;6
581	491;6
581	739;6
581	770;6
581	926;6
582	500;6
582	563;6
583	575;6
583	604;6
584	298;6
584	952;6
584	988;6
585	358;6
585	662;6
585	974;6
586	544;6
586	801;6
588	11;6
588	23;6
588	371;6
588	477;6
588	540;6
588	584;6
588	926;6
588	967;6
588	987;6
589	343;6
589	479;6
589	736;6
589	973;6
589	993;6
590	569;6
591	14;6
592	155;6
600	581;6
600	995;6
601	360;6
601	527;6
603	295;6
603	312;6
603	337;6
604	300;6
604	736;6
604	968;6
604	988;6
605	25;6
605	227;6
605	487;6
605	602;6
605	631;6
605	674;6
605	682;6
605	929;6
607	56;6
607	148;6
607	470;6
607	569;6
607	584;6
607	986;6
610	440;6
611	919;6
612	110;6
617	552;6
617	986;6
617	988;6
618	23;6
618	110;6
618	155;6
618	543;6
618	638;6
618	966;6
619	96;6
619	228;6
619	589;6
619	748;6
619	987;6
620	531;6
622	16;6
623	697;6
625	506;6
626	379;6
626	869;6
627	371;6
627	526;6
628	988;6
629	706;6
630	377;6
630	399;6
636	7;6
636	14;6
636	926;6
637	641;6
638	604;6
638	997;6
641	482;6
643	569;6
645	507;6
645	830;6
645	931;6
645	981;6
645	991;6
652	119;6
652	412;6
654	11;6
654	358;6
655	248;6
655	343;6
655	695;6
655	740;6
655	919;6
655	987;6
659	110;6
659	218;6
659	594;6
659	618;6
661	222;6
661	706;6
662	69;6
662	113;6
662	270;6
665	688;6
666	251;6
666	422;6
668	101;6
668	187;6
668	493;6
669	584;6
669	697;6
670	589;6
670	696;6
672	498;6
673	49;6
675	417;6
675	568;6
676	535;6
676	742;6
676	874;6
678	757;6
679	181;6
679	995;6
679	999;6
680	347;6
680	444;6
680	539;6
680	692;6
680	747;6
680	815;6
680	956;6
684	23;6
684	974;6
685	468;6
687	420;6
689	350;6
689	424;6
690	391;6
690	759;6
691	811;6
694	926;6
695	296;6
695	456;6
695	619;6
697	251;6
697	669;6
701	706;6
708	971;6
719	995;6
723	546;6
724	544;6
724	664;6
724	684;6
724	697;6
724	767;6
724	859;6
724	995;6
726	87;6
726	734;6
734	255;6
736	43;6
736	422;6
736	437;6
736	502;6
736	513;6
736	644;6
736	697;6
736	767;6
736	827;6
736	828;6
736	851;6
736	924;6
736	948;6
736	965;6
738	351;6
738	598;6
739	447;6
739	457;6
739	619;6
739	865;6
741	49;6
741	388;6
742	107;6
742	248;6
743	56;6
747	22;6
747	837;6
747	917;6
748	92;6
749	773;6
750	764;6
754	14;6
754	23;6
754	87;6
754	165;6
754	446;6
754	482;6
754	501;6
754	529;6
754	534;6
754	552;6
754	670;6
754	680;6
754	904;6
754	924;6
754	928;6
755	645;6
757	407;6
757	724;6
757	805;6
757	971;6
758	782;6
758	881;6
759	629;6
760	926;6
761	522;6
761	982;6
763	754;6
763	827;6
764	601;6
764	757;6
766	26;6
766	408;6
766	697;6
766	851;6
766	919;6
766	989;6
768	373;6
768	987;6
768	989;6
769	822;6
770	55;6
770	255;6
770	475;6
770	668;6
773	154;6
774	822;6
778	154;6
778	776;6
781	204;6
781	935;6
786	543;6
786	879;6
787	738;6
789	879;6
790	259;6
790	891;6
791	179;6
791	408;6
791	759;6
791	831;6
792	925;6
795	448;6
795	827;6
795	954;6
797	371;6
797	621;6
798	255;6
801	208;6
801	343;6
801	627;6
801	706;6
801	806;6
801	925;6
802	255;6
802	629;6
806	928;6
810	736;6
811	546;6
813	879;6
815	55;6
815	638;6
818	154;6
822	969;6
827	110;6
827	814;6
827	931;6
829	778;6
830	296;6
830	952;6
832	607;6
832	981;6
836	110;6
836	892;6
837	576;6
841	577;6
842	740;6
843	493;6
844	523;6
844	770;6
844	801;6
844	954;6
845	208;6
845	721;6
845	925;6
847	762;6
851	736;6
853	970;6
855	25;6
858	460;6
858	471;6
859	167;6
859	668;6
861	376;6
861	892;6
862	843;6
864	656;6
869	270;6
869	955;6
871	747;6
874	25;6
874	360;6
874	526;6
874	894;6
877	538;6
879	23;6
879	695;6
879	813;6
879	816;6
879	975;6
881	356;6
883	490;6
883	557;6
884	154;6
884	259;6
887	453;6
887	759;6
888	168;6
891	150;6
891	241;6
891	742;6
891	809;6
891	847;6
891	883;6
895	122;6
895	989;6
897	187;6
897	495;6
897	603;6
898	248;6
899	791;6
900	248;6
900	408;6
900	810;6
900	884;6
900	926;6
904	724;6
905	895;6
906	306;6
906	423;6
906	430;6
906	482;6
906	893;6
906	957;6
909	23;6
909	35;6
911	764;6
911	828;6
917	584;6
925	473;6
925	968;6
926	155;6
926	584;6
926	645;6
926	929;6
926	978;6
926	985;6
928	14;6
928	95;6
928	312;6
928	456;6
928	498;6
928	569;6
928	673;6
928	862;6
928	987;6
928	1000;6
930	154;6
930	791;6
930	851;6
930	947;6
931	998;6
932	905;6
935	781;6
939	124;6
939	575;6
939	734;6
946	693;6
947	851;6
947	950;6
949	420;6
949	444;6
949	466;6
949	535;6
949	643;6
949	644;6
949	664;6
949	901;6
949	925;6
949	991;6
949	997;6
950	148;6
950	154;6
950	187;6
950	617;6
950	670;6
950	736;6
950	993;6
952	463;6
955	547;6
957	451;6
957	998;6
959	502;6
959	743;6
959	827;6
962	765;6
964	87;6
964	895;6
965	929;6
965	949;6
966	14;6
966	343;6
966	926;6
967	56;6
967	259;6
967	576;6
968	724;6
968	747;6
969	335;6
969	451;6
969	488;6
969	515;6
969	754;6
969	843;6
970	458;6
971	451;6
971	695;6
971	740;6
971	995;6
973	526;6
974	479;6
974	659;6
974	740;6
978	148;6
978	967;6
979	218;6
980	767;6
982	205;6
982	604;6
982	724;6
982	972;6
983	343;6
983	540;6
983	928;6
985	371;6
985	447;6
987	496;6
987	865;6
987	931;6
987	988;6
988	87;6
988	350;6
988	482;6
988	502;6
988	507;6
988	584;6
988	736;6
988	747;6
989	424;6
989	493;6
989	836;6
989	946;6
990	218;6
992	963;6
993	168;6
993	888;6
993	979;6
994	969;6
995	706;6
995	742;6
996	388;6
996	647;6
997	708;6
997	847;6
998	56;6
998	695;6
999	259;6
999	446;6
999	851;6
999	926;6
