1	4;13
2	3;13
4	618;13
6	43;13
6	75;13
6	105;13
6	117;13
6	171;13
6	183;13
6	187;13
6	231;13
6	316;13
7	68;13
7	98;13
7	227;13
7	374;13
7	419;13
7	502;13
7	938;13
14	25;13
14	629;13
15	6;13
15	436;13
15	467;13
16	87;13
16	218;13
16	925;13
19	471;13
22	790;13
23	955;13
25	248;13
29	33;13
35	343;13
35	706;13
36	133;13
36	736;13
37	523;13
42	314;13
43	589;13
49	14;13
49	43;13
49	85;13
49	95;13
49	145;13
49	343;13
49	420;13
49	482;13
49	644;13
49	741;13
49	919;13
49	950;13
49	964;13
52	466;13
52	811;13
52	831;13
53	103;13
55	113;13
55	118;13
55	343;13
55	344;13
55	518;13
55	526;13
55	538;13
55	743;13
55	837;13
55	969;13
55	979;13
56	741;13
56	879;13
56	972;13
58	350;13
58	795;13
65	29;13
68	248;13
68	965;13
69	454;13
71	172;13
74	232;13
74	747;13
78	255;13
85	908;13
86	23;13
87	717;13
87	721;13
87	725;13
88	162;13
92	441;13
95	654;13
95	759;13
96	353;13
99	292;13
100	162;13
103	640;13
104	55;13
104	56;13
104	345;13
104	367;13
105	14;13
105	306;13
107	68;13
107	612;13
110	759;13
113	350;13
118	218;13
118	874;13
118	987;13
119	300;13
119	510;13
119	563;13
119	618;13
119	636;13
122	697;13
124	119;13
124	604;13
125	220;13
132	42;13
132	315;13
136	55;13
138	33;13
138	338;13
143	6;13
148	7;13
148	859;13
149	150;13
150	264;13
154	526;13
154	764;13
154	787;13
154	804;13
154	830;13
154	832;13
154	861;13
154	920;13
154	931;13
154	937;13
154	945;13
155	124;13
155	540;13
158	930;13
159	50;13
165	444;13
165	736;13
168	877;13
168	967;13
172	100;13
172	282;13
173	327;13
179	145;13
179	805;13
181	892;13
182	563;13
193	876;13
195	174;13
196	851;13
197	564;13
200	159;13
200	212;13
200	522;13
201	74;13
202	300;13
208	218;13
208	989;13
210	35;13
210	101;13
212	110;13
217	206;13
218	16;13
218	271;13
218	276;13
218	382;13
218	397;13
218	811;13
218	928;13
222	851;13
225	33;13
227	104;13
227	119;13
227	451;13
227	588;13
227	670;13
228	806;13
228	938;13
228	998;13
229	256;13
229	270;13
229	343;13
229	669;13
230	706;13
230	851;13
232	100;13
232	108;13
236	218;13
237	619;13
239	16;13
239	422;13
244	325;13
245	872;13
248	356;13
248	493;13
248	972;13
251	967;13
252	295;13
253	695;13
255	52;13
255	954;13
256	6;13
257	91;13
257	203;13
259	55;13
259	154;13
259	155;13
259	312;13
259	350;13
259	370;13
259	477;13
259	767;13
259	836;13
259	865;13
259	929;13
268	987;13
271	14;13
278	350;13
280	42;13
282	33;13
293	108;13
295	377;13
295	422;13
296	133;13
296	926;13
298	49;13
298	118;13
298	531;13
298	583;13
299	140;13
300	352;13
300	391;13
300	415;13
300	507;13
300	523;13
300	558;13
300	628;13
300	634;13
300	660;13
305	659;13
306	440;13
308	94;13
308	240;13
310	6;13
312	822;13
321	155;13
321	534;13
321	655;13
324	491;13
325	108;13
330	273;13
331	538;13
332	173;13
332	371;13
334	477;13
335	68;13
335	283;13
335	929;13
337	325;13
339	929;13
343	53;13
343	100;13
343	186;13
343	200;13
343	296;13
343	374;13
343	391;13
343	475;13
343	503;13
343	529;13
343	589;13
343	600;13
343	659;13
343	827;13
343	858;13
343	909;13
343	939;13
347	300;13
349	55;13
350	482;13
350	540;13
351	437;13
353	66;13
353	622;13
353	711;13
354	105;13
354	644;13
354	924;13
355	830;13
356	946;13
356	954;13
359	967;13
360	182;13
360	275;13
360	377;13
360	391;13
360	564;13
360	697;13
360	992;13
361	645;13
361	697;13
362	295;13
362	451;13
362	757;13
362	978;13
364	493;13
365	638;13
371	927;13
373	228;13
374	706;13
374	972;13
378	133;13
380	619;13
380	741;13
384	815;13
388	524;13
388	897;13
390	255;13
391	451;13
391	830;13
391	931;13
392	351;13
393	381;13
395	417;13
395	684;13
397	182;13
398	563;13
398	924;13
402	430;13
402	736;13
405	625;13
406	218;13
406	724;13
408	300;13
408	925;13
410	422;13
412	634;13
412	891;13
416	110;13
416	742;13
416	968;13
417	736;13
418	182;13
418	222;13
418	479;13
419	300;13
419	584;13
419	586;13
419	631;13
420	498;13
420	738;13
421	979;13
422	12;13
422	34;13
422	115;13
422	330;13
422	607;13
422	869;13
422	928;13
424	179;13
424	270;13
424	321;13
425	516;13
426	343;13
426	468;13
433	248;13
433	904;13
434	446;13
434	641;13
436	989;13
437	12;13
437	589;13
437	714;13
437	724;13
437	869;13
438	11;13
438	356;13
438	437;13
440	56;13
440	248;13
440	588;13
440	832;13
442	218;13
442	493;13
443	426;13
443	929;13
444	43;13
444	232;13
444	445;13
445	19;13
445	444;13
446	405;13
448	544;13
448	607;13
449	300;13
450	118;13
450	229;13
450	375;13
450	437;13
450	458;13
450	670;13
450	969;13
450	971;13
450	985;13
451	367;13
451	742;13
451	946;13
452	420;13
454	295;13
455	670;13
455	721;13
455	830;13
458	539;13
458	604;13
458	695;13
460	49;13
466	110;13
466	546;13
466	919;13
467	491;13
468	300;13
468	402;13
470	34;13
470	49;13
470	418;13
470	522;13
470	601;13
470	905;13
471	460;13
473	7;13
473	16;13
473	343;13
473	491;13
473	539;13
473	736;13
474	634;13
477	107;13
477	267;13
477	373;13
477	654;13
477	697;13
477	742;13
477	969;13
477	971;13
482	350;13
482	602;13
482	786;13
484	534;13
488	447;13
491	148;13
491	544;13
493	383;13
493	502;13
493	605;13
493	926;13
493	950;13
495	523;13
498	298;13
498	665;13
502	259;13
502	564;13
505	367;13
505	403;13
505	572;13
505	626;13
508	482;13
508	931;13
510	168;13
510	995;13
512	104;13
512	350;13
512	376;13
514	343;13
514	581;13
514	694;13
517	129;13
517	300;13
517	639;13
519	218;13
519	526;13
519	877;13
521	577;13
522	110;13
522	155;13
522	419;13
522	440;13
522	613;13
522	768;13
522	883;13
522	891;13
522	924;13
522	952;13
522	982;13
524	478;13
526	52;13
526	145;13
526	182;13
526	218;13
526	226;13
526	325;13
526	370;13
526	386;13
526	447;13
526	458;13
526	814;13
526	909;13
526	920;13
526	942;13
526	975;13
526	979;13
527	305;13
527	757;13
529	588;13
529	684;13
529	815;13
534	16;13
534	391;13
535	646;13
535	804;13
538	477;13
538	526;13
539	724;13
540	513;13
540	795;13
540	992;13
543	547;13
543	549;13
544	514;13
544	843;13
546	92;13
546	168;13
546	442;13
546	979;13
548	295;13
548	645;13
549	461;13
549	543;13
549	607;13
549	724;13
550	665;13
551	55;13
551	96;13
551	255;13
551	371;13
551	391;13
551	701;13
552	394;13
552	521;13
552	644;13
552	684;13
552	685;13
556	300;13
557	736;13
558	41;13
558	589;13
558	860;13
559	185;13
559	537;13
563	119;13
563	413;13
563	478;13
563	665;13
564	361;13
564	767;13
564	851;13
565	468;13
568	300;13
568	654;13
569	23;13
569	343;13
569	526;13
569	551;13
569	931;13
572	300;13
574	14;13
574	92;13
574	440;13
576	7;13
576	647;13
577	113;13
577	343;13
577	379;13
577	468;13
577	670;13
580	300;13
581	7;13
581	168;13
581	411;13
581	422;13
581	508;13
583	19;13
583	98;13
583	976;13
583	992;13
584	343;13
585	631;13
588	376;13
588	478;13
588	631;13
588	659;13
588	993;13
589	113;13
589	168;13
589	306;13
589	487;13
590	740;13
590	800;13
592	300;13
592	924;13
594	300;13
596	522;13
597	516;13
601	361;13
601	539;13
601	724;13
601	919;13
601	970;13
603	68;13
603	300;13
603	655;13
603	919;13
604	218;13
604	697;13
604	905;13
605	19;13
605	148;13
605	908;13
607	613;13
607	919;13
607	973;13
612	270;13
615	531;13
617	12;13
617	145;13
617	168;13
618	563;13
618	956;13
618	969;13
619	181;13
619	357;13
619	440;13
619	531;13
619	583;13
619	648;13
619	968;13
622	110;13
622	371;13
622	539;13
624	526;13
624	669;13
624	984;13
626	498;13
627	512;13
627	830;13
628	697;13
629	622;13
629	992;13
630	229;13
631	697;13
634	300;13
636	974;13
638	492;13
638	619;13
638	684;13
638	697;13
641	563;13
643	526;13
643	540;13
644	531;13
645	548;13
645	564;13
645	674;13
645	980;13
646	343;13
647	740;13
649	706;13
651	540;13
652	425;13
654	673;13
654	800;13
655	143;13
655	370;13
655	557;13
655	583;13
655	887;13
655	967;13
655	998;13
656	540;13
656	985;13
656	991;13
659	145;13
659	706;13
661	55;13
662	96;13
662	542;13
662	919;13
663	537;13
665	626;13
668	259;13
668	514;13
668	762;13
668	988;13
670	109;13
670	577;13
670	926;13
671	424;13
672	377;13
673	786;13
674	55;13
674	92;13
675	552;13
676	87;13
676	386;13
676	583;13
676	607;13
677	53;13
678	168;13
678	754;13
679	423;13
679	584;13
679	657;13
679	695;13
679	915;13
680	155;13
680	487;13
680	706;13
680	919;13
681	695;13
684	771;13
685	56;13
685	358;13
689	601;13
692	16;13
692	168;13
692	622;13
692	697;13
694	447;13
694	669;13
694	830;13
694	895;13
695	618;13
695	881;13
696	926;13
697	182;13
697	296;13
697	478;13
697	892;13
697	906;13
721	373;13
721	919;13
722	87;13
722	712;13
724	987;13
724	992;13
736	248;13
736	313;13
736	614;13
736	810;13
736	855;13
736	879;13
736	905;13
736	906;13
736	961;13
737	924;13
738	321;13
739	761;13
739	969;13
740	350;13
740	458;13
740	647;13
740	929;13
741	187;13
741	895;13
742	52;13
742	251;13
743	118;13
747	113;13
747	362;13
747	988;13
748	466;13
748	493;13
749	899;13
750	719;13
750	754;13
750	798;13
753	740;13
753	747;13
753	925;13
753	988;13
754	43;13
754	306;13
754	508;13
754	581;13
754	719;13
754	761;13
754	789;13
754	871;13
756	903;13
759	16;13
759	558;13
761	49;13
761	736;13
764	218;13
764	388;13
769	222;13
769	376;13
769	391;13
770	220;13
770	684;13
771	350;13
771	810;13
774	738;13
774	829;13
775	779;13
781	119;13
782	787;13
786	754;13
787	577;13
787	747;13
789	753;13
790	661;13
790	736;13
791	586;13
791	903;13
795	68;13
795	283;13
795	619;13
795	636;13
797	926;13
799	255;13
799	458;13
799	964;13
800	806;13
801	7;13
801	583;13
801	888;13
802	697;13
802	897;13
805	648;13
810	822;13
810	969;13
811	440;13
812	604;13
814	182;13
814	998;13
815	371;13
815	539;13
815	604;13
815	673;13
815	697;13
815	781;13
815	869;13
815	919;13
815	968;13
819	780;13
822	805;13
823	564;13
823	638;13
826	154;13
827	970;13
828	835;13
828	894;13
830	101;13
830	439;13
830	541;13
831	706;13
833	318;13
836	467;13
837	834;13
838	651;13
841	832;13
842	92;13
842	248;13
842	255;13
843	544;13
843	609;13
843	622;13
844	335;13
844	347;13
844	395;13
844	439;13
844	581;13
844	859;13
845	961;13
847	501;13
847	855;13
848	801;13
850	916;13
853	458;13
858	891;13
859	33;13
859	154;13
859	388;13
859	424;13
859	479;13
859	918;13
861	11;13
868	154;13
869	995;13
871	361;13
871	539;13
876	850;13
876	904;13
877	897;13
878	811;13
879	296;13
879	645;13
883	706;13
885	808;13
888	440;13
888	647;13
891	248;13
891	354;13
891	501;13
891	584;13
891	638;13
891	736;13
891	781;13
891	807;13
891	930;13
895	502;13
897	7;13
897	969;13
900	259;13
900	984;13
900	987;13
905	360;13
906	64;13
906	362;13
906	535;13
906	695;13
906	736;13
908	210;13
908	343;13
908	976;13
909	154;13
909	330;13
909	470;13
909	757;13
915	493;13
917	346;13
918	706;13
918	949;13
919	376;13
919	638;13
919	767;13
923	930;13
924	144;13
924	208;13
924	978;13
925	154;13
926	227;13
926	577;13
926	802;13
926	827;13
926	844;13
926	919;13
928	54;13
928	107;13
928	202;13
928	383;13
928	408;13
928	482;13
928	491;13
928	635;13
928	739;13
928	757;13
928	834;13
928	865;13
928	992;13
929	113;13
929	502;13
931	179;13
931	791;13
931	822;13
931	976;13
931	987;13
936	847;13
946	229;13
946	695;13
946	832;13
947	399;13
949	92;13
949	479;13
950	165;13
950	255;13
950	350;13
950	517;13
950	664;13
950	740;13
953	934;13
955	526;13
955	541;13
956	154;13
956	786;13
958	826;13
959	602;13
959	706;13
959	919;13
963	49;13
964	373;13
964	470;13
964	694;13
969	57;13
969	61;13
969	371;13
969	454;13
969	482;13
969	982;13
970	622;13
971	419;13
973	926;13
974	928;13
974	956;13
974	968;13
979	603;13
980	450;13
980	925;13
981	905;13
983	49;13
984	858;13
985	56;13
985	968;13
986	376;13
986	391;13
986	695;13
989	832;13
990	168;13
990	416;13
991	259;13
991	877;13
992	827;13
993	973;13
994	356;13
994	979;13
995	492;13
996	255;13
998	343;13
999	148;13
1000	946;13
