2	55;17
2	187;17
2	695;17
2	919;17
6	142;17
6	185;17
6	254;17
6	256;17
6	297;17
6	309;17
6	332;17
7	16;17
7	110;17
7	196;17
7	343;17
7	450;17
7	451;17
7	971;17
7	980;17
7	984;17
10	3;17
11	654;17
12	508;17
12	949;17
14	350;17
15	419;17
15	422;17
16	35;17
17	159;17
21	273;17
21	299;17
22	140;17
22	169;17
23	969;17
25	182;17
25	697;17
34	564;17
34	800;17
34	993;17
35	557;17
35	665;17
35	909;17
36	443;17
41	694;17
43	950;17
45	287;17
49	26;17
49	98;17
49	389;17
49	511;17
49	602;17
49	654;17
49	697;17
49	724;17
49	754;17
49	865;17
49	931;17
49	972;17
52	208;17
52	300;17
52	306;17
52	684;17
55	438;17
55	451;17
55	502;17
55	588;17
55	644;17
55	668;17
55	740;17
55	862;17
55	895;17
55	986;17
56	270;17
56	576;17
56	581;17
56	607;17
56	618;17
56	676;17
56	830;17
56	982;17
57	244;17
58	182;17
58	218;17
58	368;17
58	982;17
65	338;17
69	697;17
74	33;17
75	225;17
87	713;17
87	724;17
88	601;17
93	96;17
93	613;17
93	883;17
95	736;17
96	847;17
99	97;17
104	724;17
104	842;17
105	978;17
106	674;17
108	282;17
108	317;17
109	96;17
110	350;17
110	645;17
110	987;17
118	49;17
118	743;17
119	266;17
119	270;17
123	110;17
123	692;17
124	477;17
133	68;17
138	140;17
138	197;17
138	299;17
138	844;17
141	6;17
148	335;17
148	892;17
148	954;17
154	451;17
154	740;17
154	741;17
154	753;17
154	806;17
154	826;17
154	848;17
154	857;17
154	901;17
154	935;17
154	960;17
155	343;17
155	442;17
155	588;17
155	759;17
156	6;17
157	173;17
159	213;17
161	55;17
161	695;17
165	583;17
165	697;17
167	325;17
168	255;17
169	313;17
172	82;17
179	456;17
182	56;17
182	241;17
182	367;17
182	479;17
182	590;17
183	467;17
200	11;17
201	6;17
202	304;17
203	38;17
204	68;17
204	995;17
212	347;17
217	168;17
217	670;17
218	380;17
218	519;17
218	552;17
218	689;17
218	925;17
222	124;17
227	376;17
227	390;17
227	659;17
228	603;17
228	971;17
229	350;17
230	697;17
232	33;17
237	229;17
238	322;17
242	120;17
242	304;17
248	187;17
248	568;17
253	458;17
258	184;17
259	7;17
259	94;17
259	181;17
259	244;17
259	275;17
259	305;17
259	373;17
259	416;17
259	441;17
259	507;17
259	790;17
259	909;17
259	947;17
259	952;17
261	97;17
261	223;17
264	299;17
266	49;17
266	938;17
267	315;17
267	736;17
269	323;17
270	92;17
270	581;17
270	982;17
271	754;17
275	7;17
275	360;17
275	418;17
280	319;17
282	74;17
292	99;17
292	238;17
293	299;17
293	338;17
295	300;17
295	305;17
295	390;17
295	871;17
296	7;17
296	631;17
298	422;17
300	360;17
300	398;17
300	401;17
300	402;17
300	417;17
300	418;17
300	489;17
300	498;17
300	540;17
300	554;17
300	608;17
300	625;17
300	640;17
300	652;17
300	668;17
300	671;17
304	45;17
306	445;17
306	614;17
306	754;17
306	842;17
308	617;17
313	337;17
314	213;17
321	168;17
321	949;17
331	49;17
332	212;17
332	924;17
339	88;17
339	138;17
343	58;17
343	109;17
343	398;17
343	399;17
343	451;17
343	579;17
343	601;17
343	654;17
343	714;17
343	760;17
343	808;17
343	959;17
346	371;17
346	939;17
347	950;17
350	96;17
350	218;17
350	228;17
350	535;17
350	692;17
353	204;17
353	995;17
354	451;17
354	554;17
355	56;17
355	531;17
356	541;17
356	800;17
356	909;17
356	989;17
357	670;17
357	754;17
358	599;17
359	300;17
360	11;17
360	271;17
360	415;17
360	619;17
360	832;17
360	881;17
360	989;17
361	989;17
362	7;17
362	34;17
362	607;17
362	736;17
362	949;17
364	204;17
367	300;17
368	229;17
368	248;17
368	343;17
368	926;17
369	417;17
369	605;17
371	95;17
371	415;17
371	664;17
372	502;17
372	552;17
373	477;17
373	519;17
373	924;17
374	762;17
376	84;17
377	441;17
378	321;17
378	919;17
379	598;17
380	376;17
380	636;17
381	300;17
382	759;17
383	16;17
383	682;17
384	351;17
384	552;17
384	926;17
385	502;17
388	16;17
391	133;17
391	757;17
391	844;17
392	300;17
394	568;17
394	636;17
395	531;17
395	736;17
397	506;17
397	714;17
397	891;17
398	682;17
399	68;17
399	841;17
399	906;17
402	474;17
402	841;17
403	452;17
405	506;17
406	296;17
406	932;17
408	19;17
410	491;17
411	892;17
412	397;17
412	426;17
412	531;17
414	509;17
416	457;17
416	479;17
416	736;17
417	369;17
417	626;17
417	860;17
418	118;17
418	205;17
418	493;17
419	695;17
421	501;17
422	96;17
422	377;17
422	673;17
422	968;17
424	87;17
424	113;17
424	391;17
424	421;17
424	450;17
424	743;17
426	452;17
426	580;17
437	581;17
438	295;17
438	300;17
438	550;17
438	675;17
438	738;17
438	841;17
439	300;17
440	660;17
440	984;17
441	92;17
441	589;17
441	719;17
442	680;17
442	891;17
443	670;17
444	165;17
444	477;17
445	34;17
445	542;17
445	996;17
446	377;17
446	434;17
446	474;17
447	451;17
447	614;17
448	424;17
450	408;17
450	478;17
450	625;17
450	854;17
450	895;17
450	931;17
450	935;17
451	802;17
451	832;17
451	957;17
451	993;17
453	300;17
453	971;17
454	422;17
454	440;17
454	757;17
455	697;17
458	13;17
458	659;17
458	800;17
458	989;17
464	300;17
466	390;17
466	979;17
467	23;17
467	229;17
467	349;17
467	367;17
467	373;17
467	706;17
470	631;17
470	925;17
472	461;17
473	692;17
473	952;17
473	985;17
474	148;17
475	110;17
475	182;17
475	204;17
475	374;17
475	578;17
475	631;17
475	836;17
477	34;17
477	502;17
477	906;17
478	588;17
482	531;17
485	470;17
487	622;17
487	879;17
487	904;17
488	969;17
490	436;17
490	684;17
490	762;17
490	992;17
493	55;17
493	204;17
493	477;17
493	535;17
493	859;17
493	906;17
495	491;17
495	588;17
498	580;17
499	56;17
500	582;17
501	491;17
501	987;17
502	7;17
502	373;17
502	379;17
502	388;17
502	905;17
502	981;17
503	227;17
503	872;17
506	466;17
506	641;17
507	58;17
507	577;17
508	360;17
508	645;17
508	896;17
510	604;17
512	380;17
512	546;17
519	759;17
521	439;17
521	550;17
522	11;17
522	200;17
522	307;17
522	347;17
522	558;17
522	670;17
524	383;17
526	210;17
526	275;17
526	304;17
526	313;17
526	491;17
526	524;17
526	563;17
526	625;17
526	719;17
526	763;17
526	892;17
527	581;17
527	662;17
528	300;17
529	92;17
529	719;17
532	11;17
533	300;17
534	367;17
534	461;17
534	619;17
534	664;17
534	689;17
534	968;17
535	182;17
535	514;17
535	522;17
538	222;17
538	229;17
539	534;17
540	56;17
540	416;17
540	519;17
540	544;17
540	605;17
540	644;17
540	748;17
540	759;17
540	888;17
540	928;17
540	986;17
541	502;17
542	366;17
543	988;17
544	343;17
546	35;17
546	563;17
546	954;17
547	420;17
549	218;17
549	736;17
551	23;17
551	61;17
551	458;17
551	583;17
551	613;17
552	356;17
552	598;17
556	987;17
557	155;17
557	300;17
557	424;17
557	762;17
557	992;17
559	420;17
562	373;17
563	367;17
563	425;17
563	472;17
563	533;17
563	550;17
563	584;17
563	613;17
564	350;17
564	395;17
564	549;17
564	619;17
564	724;17
565	563;17
568	544;17
569	96;17
569	607;17
570	521;17
576	55;17
577	552;17
581	529;17
581	671;17
582	606;17
583	49;17
583	241;17
583	351;17
583	376;17
583	420;17
583	503;17
583	676;17
583	747;17
583	800;17
583	887;17
583	995;17
584	208;17
584	519;17
585	305;17
585	636;17
588	64;17
588	227;17
588	456;17
588	461;17
589	493;17
589	622;17
589	762;17
590	35;17
590	277;17
590	522;17
590	636;17
601	23;17
601	435;17
601	706;17
601	859;17
603	173;17
603	388;17
603	419;17
603	543;17
603	584;17
603	897;17
603	969;17
603	974;17
604	255;17
604	631;17
607	119;17
607	331;17
607	371;17
607	968;17
612	538;17
612	651;17
612	879;17
614	540;17
617	95;17
617	133;17
617	300;17
617	456;17
617	926;17
618	16;17
618	736;17
618	891;17
618	919;17
618	924;17
619	360;17
619	369;17
619	697;17
619	964;17
619	999;17
620	402;17
620	577;17
622	724;17
622	982;17
623	355;17
624	383;17
626	407;17
627	466;17
627	736;17
627	950;17
627	982;17
628	371;17
629	429;17
629	754;17
629	993;17
630	110;17
630	306;17
630	358;17
630	580;17
630	979;17
631	300;17
631	514;17
631	721;17
631	961;17
632	457;17
634	929;17
637	636;17
638	466;17
638	534;17
638	564;17
638	584;17
638	650;17
638	759;17
638	985;17
641	420;17
644	92;17
644	104;17
645	832;17
645	947;17
646	664;17
650	87;17
651	921;17
652	16;17
655	19;17
655	283;17
655	473;17
655	931;17
657	416;17
659	259;17
659	464;17
661	377;17
662	210;17
662	491;17
662	900;17
663	955;17
664	248;17
664	997;17
665	623;17
665	653;17
666	343;17
666	521;17
666	680;17
668	418;17
669	168;17
669	229;17
669	638;17
669	971;17
670	764;17
674	300;17
674	621;17
674	622;17
676	110;17
676	343;17
676	552;17
676	928;17
678	255;17
680	741;17
681	107;17
684	35;17
684	154;17
684	662;17
684	770;17
684	846;17
689	35;17
689	321;17
689	343;17
689	491;17
690	575;17
692	353;17
692	904;17
693	982;17
694	343;17
694	355;17
694	410;17
694	514;17
694	577;17
694	747;17
694	908;17
694	964;17
694	987;17
695	982;17
696	714;17
697	148;17
697	926;17
702	87;17
706	278;17
708	892;17
714	358;17
715	218;17
719	697;17
721	706;17
722	689;17
724	255;17
724	844;17
724	847;17
736	402;17
736	416;17
736	424;17
736	507;17
736	556;17
736	660;17
736	762;17
736	925;17
736	993;17
738	506;17
739	659;17
739	694;17
740	514;17
741	56;17
741	966;17
742	982;17
743	879;17
744	857;17
747	196;17
747	583;17
747	963;17
753	110;17
753	259;17
753	987;17
754	123;17
754	351;17
754	361;17
754	367;17
754	370;17
754	488;17
754	512;17
754	521;17
754	559;17
754	564;17
754	601;17
754	604;17
754	692;17
754	952;17
754	980;17
756	746;17
757	23;17
760	115;17
761	929;17
761	955;17
762	12;17
763	49;17
764	19;17
766	168;17
766	963;17
767	622;17
768	148;17
768	458;17
769	167;17
769	430;17
769	844;17
770	11;17
771	371;17
777	601;17
782	877;17
783	818;17
791	757;17
791	769;17
792	592;17
795	610;17
796	154;17
798	988;17
799	148;17
800	14;17
800	466;17
800	695;17
801	412;17
801	607;17
801	647;17
805	757;17
805	851;17
806	622;17
809	822;17
810	619;17
811	845;17
813	673;17
813	877;17
815	925;17
816	513;17
816	534;17
822	179;17
822	756;17
822	757;17
825	417;17
825	972;17
828	93;17
830	892;17
830	947;17
831	742;17
831	760;17
834	636;17
836	706;17
842	931;17
842	971;17
842	989;17
843	56;17
844	706;17
844	946;17
845	395;17
846	706;17
847	984;17
851	395;17
851	822;17
851	843;17
856	962;17
858	343;17
858	529;17
859	68;17
859	631;17
859	638;17
859	736;17
859	984;17
862	55;17
864	205;17
864	992;17
867	154;17
868	179;17
869	343;17
869	815;17
874	895;17
874	989;17
877	979;17
879	493;17
879	534;17
879	544;17
879	617;17
883	766;17
884	343;17
884	491;17
884	526;17
887	92;17
887	208;17
887	588;17
888	7;17
888	645;17
891	105;17
891	230;17
891	307;17
891	367;17
891	371;17
891	423;17
891	450;17
891	507;17
891	524;17
891	654;17
891	967;17
891	987;17
891	989;17
892	182;17
895	343;17
895	823;17
895	987;17
895	988;17
898	49;17
898	697;17
900	16;17
900	306;17
902	866;17
903	746;17
904	487;17
904	513;17
904	804;17
905	343;17
906	183;17
906	487;17
906	759;17
906	961;17
908	25;17
909	526;17
914	154;17
918	979;17
922	745;17
924	335;17
924	895;17
925	228;17
926	34;17
926	119;17
926	554;17
926	696;17
926	759;17
928	34;17
928	69;17
928	92;17
928	237;17
928	268;17
928	360;17
928	422;17
928	470;17
928	577;17
928	741;17
928	823;17
928	881;17
928	965;17
928	974;17
929	527;17
929	661;17
929	859;17
930	766;17
930	833;17
932	976;17
935	446;17
935	701;17
938	440;17
938	968;17
939	291;17
939	617;17
939	943;17
940	255;17
941	371;17
942	797;17
945	119;17
949	16;17
949	25;17
949	118;17
949	119;17
949	270;17
949	368;17
949	451;17
949	563;17
949	781;17
949	800;17
949	836;17
949	993;17
950	335;17
950	674;17
950	697;17
950	755;17
950	931;17
952	584;17
954	697;17
955	696;17
957	989;17
959	95;17
959	343;17
959	985;17
963	526;17
964	15;17
964	424;17
964	600;17
964	995;17
965	343;17
965	508;17
965	514;17
965	906;17
966	477;17
967	23;17
967	416;17
967	539;17
967	998;17
968	23;17
968	68;17
969	55;17
969	531;17
969	869;17
969	997;17
971	110;17
972	645;17
972	978;17
973	52;17
973	993;17
974	617;17
974	754;17
974	877;17
978	638;17
979	994;17
980	491;17
980	638;17
985	212;17
985	969;17
986	118;17
986	155;17
986	255;17
986	697;17
986	926;17
987	16;17
987	475;17
987	879;17
988	52;17
988	887;17
989	388;17
989	971;17
989	988;17
991	617;17
992	7;17
994	526;17
996	187;17
996	800;17
997	52;17
997	306;17
997	659;17
998	259;17
998	967;17
