6	23;19
6	96;19
6	127;19
6	172;19
6	252;19
7	104;19
7	218;19
7	361;19
7	706;19
7	836;19
9	2;19
11	697;19
12	736;19
15	998;19
16	248;19
16	391;19
23	755;19
23	859;19
25	14;19
25	343;19
25	479;19
28	940;19
29	232;19
32	6;19
35	110;19
36	514;19
37	182;19
38	564;19
38	576;19
42	237;19
43	7;19
43	360;19
45	31;19
48	6;19
49	154;19
49	347;19
49	388;19
49	399;19
49	673;19
49	678;19
49	691;19
49	736;19
49	801;19
52	251;19
52	617;19
53	883;19
55	507;19
55	513;19
55	600;19
55	695;19
55	889;19
55	996;19
56	355;19
56	389;19
56	486;19
58	56;19
58	526;19
61	512;19
61	697;19
65	89;19
65	232;19
68	724;19
71	244;19
74	317;19
75	273;19
78	461;19
78	919;19
84	104;19
92	259;19
93	179;19
93	433;19
93	444;19
94	995;19
96	334;19
97	292;19
98	105;19
98	995;19
100	282;19
100	293;19
100	317;19
101	354;19
101	494;19
103	6;19
104	95;19
105	259;19
106	954;19
108	100;19
109	343;19
110	971;19
113	388;19
113	982;19
114	6;19
118	493;19
118	805;19
118	830;19
119	11;19
119	244;19
119	374;19
119	388;19
119	440;19
119	467;19
119	584;19
119	668;19
128	14;19
128	736;19
132	152;19
133	454;19
137	993;19
138	343;19
141	57;19
144	924;19
148	255;19
148	539;19
154	376;19
154	535;19
154	791;19
154	792;19
154	795;19
154	815;19
154	907;19
154	914;19
154	965;19
155	676;19
155	971;19
157	11;19
157	140;19
159	114;19
159	314;19
161	742;19
162	172;19
168	800;19
168	827;19
169	33;19
169	225;19
171	815;19
181	891;19
182	416;19
182	540;19
182	928;19
188	149;19
197	128;19
203	220;19
204	458;19
206	769;19
206	964;19
208	16;19
210	924;19
212	638;19
218	11;19
218	118;19
218	574;19
218	715;19
218	759;19
218	800;19
220	108;19
225	172;19
227	15;19
227	103;19
227	350;19
227	892;19
227	918;19
228	374;19
228	408;19
228	697;19
228	969;19
229	546;19
232	6;19
245	6;19
245	246;19
246	837;19
248	512;19
248	562;19
251	259;19
259	56;19
259	101;19
259	129;19
259	343;19
259	344;19
259	352;19
259	417;19
259	590;19
259	668;19
259	800;19
259	816;19
259	828;19
259	857;19
259	892;19
259	895;19
259	919;19
259	946;19
259	976;19
259	991;19
261	42;19
266	742;19
268	210;19
270	388;19
276	321;19
280	261;19
283	736;19
293	33;19
295	446;19
298	16;19
300	119;19
300	519;19
300	531;19
300	552;19
300	574;19
300	597;19
300	622;19
300	626;19
300	684;19
306	52;19
306	104;19
312	346;19
312	636;19
313	317;19
314	114;19
321	52;19
321	101;19
321	288;19
321	313;19
321	427;19
321	583;19
321	628;19
321	931;19
321	985;19
325	94;19
330	74;19
332	41;19
339	94;19
341	639;19
343	11;19
343	41;19
343	52;19
343	65;19
343	179;19
343	237;19
343	388;19
343	406;19
343	467;19
343	509;19
343	531;19
343	645;19
343	711;19
343	739;19
343	740;19
343	761;19
343	800;19
343	855;19
343	964;19
343	980;19
344	502;19
345	995;19
350	204;19
350	601;19
350	736;19
350	927;19
350	971;19
350	976;19
351	384;19
353	110;19
353	724;19
354	310;19
354	524;19
354	762;19
355	384;19
356	377;19
356	505;19
357	165;19
357	259;19
357	724;19
360	104;19
360	692;19
360	830;19
360	925;19
360	988;19
361	371;19
361	416;19
361	670;19
361	891;19
363	388;19
363	563;19
364	259;19
366	11;19
366	521;19
368	218;19
368	458;19
368	925;19
371	25;19
371	118;19
371	148;19
371	182;19
371	837;19
371	997;19
373	104;19
373	179;19
373	182;19
373	321;19
373	331;19
373	514;19
373	827;19
374	104;19
374	268;19
374	343;19
374	995;19
376	7;19
376	706;19
376	799;19
377	426;19
377	550;19
379	358;19
379	509;19
379	626;19
380	697;19
381	393;19
383	992;19
384	881;19
385	372;19
386	68;19
386	395;19
389	306;19
389	437;19
389	706;19
391	684;19
394	351;19
395	811;19
396	94;19
397	659;19
397	685;19
397	830;19
398	759;19
398	925;19
398	970;19
399	402;19
399	632;19
402	209;19
406	343;19
410	995;19
411	538;19
411	622;19
412	420;19
412	523;19
412	624;19
413	407;19
415	35;19
415	395;19
415	438;19
415	502;19
415	736;19
416	983;19
417	506;19
418	54;19
418	229;19
418	367;19
418	376;19
418	724;19
418	845;19
418	924;19
419	600;19
420	550;19
421	662;19
422	74;19
422	312;19
422	340;19
422	680;19
422	801;19
422	837;19
422	987;19
424	296;19
424	662;19
424	942;19
426	407;19
426	531;19
426	540;19
426	563;19
428	55;19
429	697;19
433	601;19
434	436;19
435	110;19
435	601;19
436	527;19
437	351;19
437	438;19
437	859;19
438	259;19
438	415;19
438	659;19
440	335;19
440	539;19
440	706;19
440	830;19
441	706;19
442	155;19
443	647;19
444	49;19
444	513;19
445	652;19
446	87;19
446	343;19
446	417;19
447	736;19
447	949;19
447	968;19
450	493;19
450	526;19
450	757;19
451	129;19
451	724;19
451	879;19
451	926;19
451	996;19
452	300;19
456	458;19
458	204;19
458	456;19
459	107;19
461	601;19
466	697;19
467	181;19
467	624;19
467	695;19
468	393;19
470	275;19
470	343;19
470	646;19
470	909;19
471	110;19
471	469;19
471	571;19
472	830;19
473	430;19
473	869;19
474	300;19
475	416;19
475	458;19
478	973;19
479	493;19
479	638;19
481	515;19
487	324;19
487	655;19
490	118;19
490	483;19
491	502;19
493	22;19
493	350;19
493	373;19
493	466;19
493	660;19
493	832;19
493	879;19
495	526;19
498	426;19
498	517;19
498	632;19
500	525;19
501	874;19
502	531;19
502	984;19
504	724;19
505	599;19
505	625;19
506	499;19
507	456;19
508	300;19
509	641;19
510	35;19
510	55;19
510	416;19
510	697;19
512	477;19
512	618;19
512	654;19
513	984;19
514	638;19
514	834;19
516	500;19
519	110;19
519	259;19
521	598;19
522	58;19
522	227;19
522	391;19
522	507;19
522	636;19
522	925;19
522	981;19
524	622;19
526	12;19
526	122;19
526	159;19
526	179;19
526	242;19
526	373;19
526	648;19
526	711;19
526	741;19
526	770;19
526	832;19
526	961;19
527	101;19
527	296;19
527	522;19
527	801;19
531	493;19
531	665;19
532	297;19
533	148;19
534	12;19
534	458;19
534	473;19
534	514;19
534	904;19
536	813;19
537	397;19
537	426;19
537	663;19
538	119;19
538	645;19
538	844;19
539	459;19
540	43;19
540	549;19
540	664;19
540	682;19
540	864;19
540	966;19
542	697;19
543	507;19
543	538;19
543	904;19
544	373;19
544	482;19
544	556;19
544	622;19
545	358;19
545	979;19
546	759;19
548	575;19
549	564;19
549	617;19
550	599;19
551	584;19
552	395;19
552	473;19
552	541;19
556	55;19
556	119;19
556	388;19
557	331;19
559	413;19
560	37;19
560	844;19
562	859;19
563	68;19
563	383;19
563	384;19
563	398;19
563	469;19
563	506;19
563	619;19
564	12;19
564	229;19
564	662;19
564	967;19
567	500;19
569	25;19
569	512;19
569	742;19
571	208;19
574	664;19
576	436;19
581	19;19
581	343;19
581	601;19
581	938;19
583	206;19
583	321;19
583	969;19
583	971;19
584	604;19
584	995;19
585	55;19
585	68;19
588	504;19
588	510;19
588	708;19
588	736;19
588	925;19
588	977;19
588	997;19
592	119;19
592	656;19
592	892;19
598	395;19
599	343;19
600	544;19
600	954;19
601	380;19
601	490;19
601	631;19
601	888;19
601	979;19
602	557;19
603	465;19
603	770;19
604	148;19
604	343;19
604	504;19
604	538;19
604	589;19
605	266;19
605	343;19
605	442;19
605	490;19
605	547;19
605	695;19
605	865;19
605	879;19
605	995;19
607	549;19
607	891;19
608	11;19
610	52;19
610	87;19
610	627;19
611	976;19
612	421;19
612	558;19
614	419;19
616	443;19
616	526;19
617	368;19
617	851;19
617	859;19
617	971;19
618	208;19
618	217;19
618	864;19
618	964;19
619	14;19
619	298;19
619	321;19
619	487;19
619	554;19
619	604;19
619	684;19
619	766;19
620	588;19
620	987;19
621	22;19
621	754;19
622	461;19
623	356;19
625	300;19
625	405;19
627	383;19
629	110;19
629	581;19
630	601;19
631	601;19
631	638;19
632	455;19
633	295;19
636	259;19
636	649;19
636	998;19
638	300;19
639	355;19
644	321;19
645	822;19
646	433;19
649	23;19
649	622;19
652	546;19
654	248;19
655	11;19
655	270;19
655	305;19
655	841;19
655	938;19
659	95;19
660	491;19
661	376;19
662	34;19
662	306;19
662	761;19
662	801;19
664	217;19
664	259;19
665	167;19
665	379;19
665	403;19
665	580;19
666	955;19
668	456;19
668	502;19
668	507;19
668	636;19
668	982;19
669	544;19
669	589;19
669	987;19
670	217;19
671	367;19
671	684;19
673	422;19
673	676;19
673	813;19
674	581;19
674	605;19
675	356;19
676	214;19
679	64;19
679	979;19
680	38;19
680	204;19
680	270;19
680	423;19
680	461;19
680	985;19
682	540;19
684	424;19
684	583;19
685	106;19
685	377;19
685	754;19
688	545;19
690	592;19
692	589;19
694	985;19
695	736;19
697	270;19
697	527;19
697	847;19
702	723;19
706	502;19
708	987;19
714	531;19
719	526;19
719	529;19
719	601;19
719	689;19
719	969;19
724	87;19
724	557;19
724	566;19
724	647;19
724	967;19
732	718;19
736	11;19
736	123;19
736	493;19
736	588;19
736	631;19
736	659;19
736	662;19
736	790;19
736	791;19
738	665;19
738	895;19
739	972;19
739	998;19
740	414;19
740	909;19
740	949;19
741	255;19
741	768;19
742	437;19
742	662;19
747	145;19
747	343;19
750	255;19
750	424;19
753	25;19
753	617;19
753	929;19
754	200;19
754	259;19
754	379;19
754	451;19
754	651;19
754	659;19
754	711;19
754	874;19
754	979;19
756	793;19
757	208;19
757	670;19
757	695;19
759	599;19
761	373;19
764	416;19
764	491;19
766	118;19
766	369;19
766	607;19
768	622;19
769	676;19
770	617;19
770	954;19
771	684;19
779	822;19
786	513;19
786	696;19
786	952;19
790	118;19
791	881;19
795	16;19
795	526;19
795	651;19
795	770;19
795	865;19
795	897;19
800	367;19
801	919;19
802	212;19
802	539;19
806	255;19
806	758;19
810	467;19
811	218;19
811	270;19
811	395;19
814	466;19
814	524;19
815	487;19
815	738;19
815	879;19
816	840;19
822	7;19
825	23;19
827	967;19
828	782;19
830	680;19
830	926;19
830	987;19
831	52;19
831	255;19
832	684;19
836	115;19
841	927;19
842	306;19
842	607;19
842	891;19
844	306;19
844	414;19
844	600;19
844	674;19
847	526;19
851	766;19
859	148;19
859	172;19
859	325;19
864	676;19
869	185;19
869	514;19
870	154;19
871	891;19
874	373;19
874	461;19
874	668;19
874	797;19
874	971;19
877	182;19
877	535;19
878	791;19
879	477;19
879	982;19
881	491;19
883	522;19
884	581;19
884	900;19
885	780;19
888	212;19
888	218;19
888	674;19
888	929;19
889	29;19
889	172;19
891	18;19
891	168;19
891	373;19
891	384;19
891	396;19
891	551;19
891	583;19
891	647;19
891	750;19
891	935;19
891	947;19
892	104;19
894	851;19
896	926;19
899	154;19
899	913;19
900	998;19
906	491;19
906	538;19
906	540;19
906	771;19
906	786;19
906	853;19
908	949;19
908	972;19
909	955;19
911	831;19
911	989;19
916	154;19
919	995;19
920	154;19
921	985;19
923	769;19
924	52;19
924	373;19
925	697;19
926	58;19
926	450;19
926	970;19
928	16;19
928	26;19
928	73;19
928	80;19
928	113;19
928	168;19
928	278;19
928	296;19
928	331;19
928	652;19
928	836;19
928	901;19
928	963;19
928	980;19
929	7;19
929	373;19
929	669;19
929	903;19
930	848;19
931	487;19
931	833;19
936	467;19
938	37;19
938	988;19
939	423;19
946	416;19
946	926;19
946	944;19
948	691;19
948	904;19
949	105;19
949	239;19
949	275;19
949	350;19
949	433;19
949	507;19
949	519;19
949	600;19
949	617;19
949	693;19
949	736;19
949	844;19
950	450;19
950	999;19
951	255;19
951	738;19
952	350;19
952	636;19
952	845;19
954	883;19
955	439;19
959	298;19
959	740;19
959	931;19
959	946;19
959	993;19
964	217;19
964	343;19
964	461;19
965	23;19
965	601;19
965	770;19
965	919;19
967	255;19
967	874;19
968	535;19
969	372;19
969	631;19
969	674;19
969	697;19
969	738;19
969	908;19
970	422;19
970	618;19
970	747;19
971	205;19
971	601;19
972	600;19
972	638;19
973	450;19
974	362;19
974	564;19
974	583;19
974	891;19
974	921;19
974	944;19
977	928;19
978	218;19
978	972;19
979	545;19
980	55;19
982	227;19
982	837;19
983	418;19
983	684;19
985	638;19
987	591;19
987	874;19
987	919;19
987	929;19
988	182;19
988	838;19
989	601;19
989	969;19
990	724;19
992	96;19
992	770;19
993	589;19
993	989;19
995	155;19
996	104;19
996	321;19
996	662;19
997	255;19
997	343;19
998	228;19
998	356;19
